-0.999123 0.041862
-0.997332 -0.073006
-0.983905 -0.178693
-0.961683 -0.274162
-0.925637 -0.378413
-0.882382 -0.470534
-0.832319 -0.554297
-0.776740 -0.629822
-0.716957 -0.697117
-0.653827 -0.756644
-0.585127 -0.810942
-0.524362 -0.851496
-0.458801 -0.888539
-0.388106 -0.921615
-0.325259 -0.945625
-0.254032 -0.967196
-0.186751 -0.982407
-0.120153 -0.992755
-0.053796 -0.998552
0.012360 -0.999924
0.078229 -0.996935
0.143788 -0.989608
0.209348 -0.977841
0.277703 -0.960667
0.337447 -0.941344
0.401802 -0.915727
0.458714 -0.888584
0.516996 -0.855988
0.574065 -0.818810
0.631894 -0.775055
0.687773 -0.725926
0.749964 -0.661479
0.807179 -0.590307
0.860493 -0.509462
0.909046 -0.416696
0.947763 -0.318977
0.975945 -0.218016
0.994671 -0.103096
0.999921 0.012567
0.993401 0.114695
0.973864 0.227130
0.946556 0.322541
0.905672 0.423979
0.858258 0.513218
0.804922 0.593381
0.746924 0.664910
0.685219 0.728337
0.618069 0.786124
0.557839 0.829949
0.489469 0.872021
0.428894 0.903355
0.360167 0.932888
0.299136 0.954211
0.229827 0.973232
0.164801 0.986327
0.103980 0.994579
0.033839 0.999427
-0.033323 0.999445
-0.100623 0.994925
-0.168804 0.985650
-0.227995 0.973662
-0.285676 0.958326
-0.346426 0.938077
-0.405472 0.914107
-0.472609 0.881272
-0.533816 0.845601
-0.602948 0.797780
-0.667596 0.744524
-0.729954 0.683496
-0.789237 0.614089
-0.844109 0.536172
-0.893005 0.450047
-0.934376 0.356290
-0.966860 0.255306
-0.989681 0.143291
