-1.132728 0.028829
-1.131489 -0.050323
-1.126167 0.099068
-1.122125 -0.123785
-1.110007 0.178098
-1.106292 -0.191596
-1.086268 0.251635
-1.079718 -0.268179
-1.059796 -0.008921
-1.054721 0.322893
-1.048704 0.126474
-1.046380 -0.338943
-1.041112 -0.079161
-1.033290 0.058080
-1.024229 -0.211364
-1.019006 0.195331
-1.015478 0.391794
-1.013072 -0.143854
-1.005696 -0.406800
-0.990659 0.262493
-0.985537 -0.277908
-0.976588 -0.011407
-0.968824 0.457839
-0.966535 0.124015
-0.957808 -0.471679
-0.956267 0.328276
-0.948430 -0.342632
-0.947009 -0.079688
-0.939288 -0.206208
-0.936204 0.055905
-0.930691 0.193744
-0.915232 0.392079
-0.915205 0.520430
-0.906043 -0.141783
-0.905962 -0.405329
-0.902993 -0.533204
-0.896966 0.261250
-0.894051 -0.273726
-0.887280 -0.011950
-0.879697 0.124029
-0.867762 0.453175
-0.858404 0.326413
-0.857739 -0.465447
-0.855095 0.579093
-0.851598 -0.339075
-0.848984 -0.077618
-0.846308 -0.206123
-0.841263 -0.591245
-0.841120 0.055990
-0.840096 0.192902
-0.814504 0.511027
-0.813946 0.389114
-0.805085 -0.402041
-0.804578 -0.522977
-0.803795 -0.141108
-0.801933 0.259570
-0.799146 -0.272283
-0.794102 -0.010585
-0.789692 0.124104
-0.788660 0.633672
-0.769675 -0.647667
-0.763575 0.449349
-0.759656 0.323894
-0.756410 0.565678
-0.753888 -0.463478
-0.753322 -0.336916
-0.751103 -0.076022
-0.750532 -0.205787
-0.750233 -0.582501
-0.747394 0.191837
-0.746162 0.056756
-0.713096 0.685801
-0.712232 0.386035
-0.707951 0.507782
-0.705609 0.257604
-0.704589 -0.400250
-0.704216 -0.140399
-0.702473 -0.271097
-0.702433 -0.692440
-0.701706 -0.527891
-0.699191 -0.009503
-0.697124 0.124062
-0.696813 0.621749
-0.669669 -0.608896
-0.660331 0.321351
-0.660022 0.446778
-0.654841 -0.465254
-0.654743 -0.335668
-0.653634 -0.205240
-0.653597 -0.074942
-0.652832 0.190671
-0.650854 0.057216
-0.650617 0.568789
-0.642253 0.726996
-0.625683 -0.735702
-0.613896 0.648419
-0.613436 -0.537776
-0.612038 -0.660319
-0.611052 0.383743
-0.608299 0.255662
-0.606354 -0.400833
-0.605933 0.509624
-0.605869 -0.139791
-0.605102 -0.270368
-0.603361 -0.008814
-0.602732 0.123722
-0.565209 -0.596600
-0.561270 -0.469163
-0.561083 0.319266
-0.560677 0.582858
-0.560448 0.766915
-0.559806 0.447203
-0.557126 -0.335749
-0.556885 0.189479
-0.556381 -0.204855
-0.556306 -0.074274
-0.554997 0.057362
-0.552296 0.701288
-0.543564 -0.708251
-0.538549 -0.776367
-0.513538 -0.531515
-0.512235 0.515948
-0.511961 0.382953
-0.510479 -0.402357
-0.510476 0.254081
-0.508137 -0.139431
-0.508008 0.644735
-0.507944 -0.270334
-0.507049 0.123245
-0.506980 -0.008460
-0.504368 -0.650896
-0.485226 0.797393
-0.464114 0.448905
-0.462989 0.720985
-0.462630 0.318206
-0.462537 -0.466283
-0.462413 0.580340
-0.460478 -0.336319
-0.460064 0.188512
-0.459983 -0.590354
-0.459250 -0.204820
-0.459138 -0.073946
-0.458622 0.057313
-0.457422 -0.807293
-0.455904 -0.724033
-0.416105 0.650144
-0.415711 0.512849
-0.414794 0.383051
-0.412693 0.253203
-0.412376 -0.401042
-0.411536 -0.528159
-0.411110 -0.270558
-0.410814 -0.139346
-0.410551 0.122819
-0.410278 -0.008340
-0.409325 -0.657398
-0.404836 0.824139
-0.387925 -0.768854
-0.385519 0.766244
-0.369415 0.578071
-0.366541 0.446864
-0.364935 0.317887
-0.362889 0.187969
-0.362856 -0.335729
-0.362591 -0.464654
-0.362288 -0.204921
-0.362082 -0.073859
-0.361892 0.057197
-0.361757 -0.836195
-0.361304 -0.593277
-0.357990 0.707562
-0.349185 -0.712179
-0.326089 0.845041
-0.319619 0.636828
-0.319147 0.510759
-0.316623 0.381925
-0.315105 0.252887
-0.313835 -0.270312
-0.313730 -0.139374
-0.313711 -0.400331
-0.313672 0.122567
-0.313428 -0.008347
-0.312620 -0.529590
-0.305329 -0.653568
-0.296673 -0.783463
-0.292751 0.780156
-0.270390 0.698765
-0.270062 0.571344
-0.268452 -0.857243
-0.268361 0.445716
-0.266777 0.317337
-0.265644 0.187753
-0.265175 -0.204829
-0.265102 -0.073863
-0.265021 -0.335458
-0.265003 0.057104
-0.264167 -0.465514
-0.259836 -0.592838
-0.253798 -0.723041
-0.243183 0.861801
-0.221305 0.632293
-0.219057 0.507703
-0.218063 0.381507
-0.217329 0.252603
-0.216671 -0.139334
-0.216668 0.122449
-0.216529 -0.008371
-0.216502 -0.270229
-0.215897 -0.400901
-0.213437 0.746840
-0.213203 -0.530324
-0.208965 -0.661435
-0.208051 -0.798139
-0.191458 0.809404
-0.173849 -0.871910
-0.169534 0.569266
-0.168547 0.317211
-0.168430 0.444719
-0.168291 0.187581
-0.168137 -0.073840
-0.168088 -0.204814
-0.168063 0.057065
-0.167701 -0.335822
-0.166423 0.686441
-0.166071 -0.466438
-0.163327 -0.598285
-0.161995 -0.734210
-0.145783 0.875023
-0.120451 0.751193
-0.119689 -0.139334
-0.119614 -0.008358
-0.119611 0.252509
-0.119572 0.122382
-0.119485 -0.270445
-0.118937 0.381337
-0.118592 -0.401618
-0.118141 0.507510
-0.118001 -0.808063
-0.116875 -0.533840
-0.116669 0.627031
-0.115783 -0.669140
-0.092444 0.815766
-0.078127 -0.880254
-0.071234 -0.073834
-0.071200 -0.204949
-0.071092 0.057075
-0.070939 0.187561
-0.070806 -0.336269
-0.070423 -0.740948
-0.070315 0.317152
-0.069869 -0.468477
-0.069241 -0.603052
-0.068457 0.445287
-0.067684 0.689691
-0.065666 0.568355
-0.048421 0.881547
-0.026918 -0.812544
-0.025785 0.754401
-0.023182 -0.672888
-0.022858 -0.139417
-0.022740 -0.270732
-0.022736 -0.008328
-0.022474 0.122435
-0.022377 -0.402670
-0.022152 -0.536340
-0.021923 0.252573
-0.020280 0.381696
-0.016301 0.508612
-0.014780 0.631512
0.002324 0.818738
0.017967 -0.882242
0.021292 -0.742491
0.024345 -0.604423
0.025449 -0.469542
0.025505 -0.205155
0.025539 -0.336858
0.025547 -0.073842
0.025835 0.057154
0.026364 0.187713
0.027636 0.317552
0.030882 0.446076
0.032089 0.696310
0.035807 0.573870
0.049164 0.881522
0.064263 -0.811377
0.069498 -0.672066
0.072337 0.760945
0.072465 -0.536305
0.073518 -0.403230
0.073711 -0.271149
0.073795 -0.139499
0.074048 -0.008259
0.074543 0.122604
0.075529 0.253011
0.077965 0.382600
0.082259 0.511701
0.086217 0.642002
0.097785 0.822397
0.113112 -0.738845
0.113495 -0.877917
0.118388 -0.602369
0.121155 -0.469446
0.121761 -0.337386
0.121962 -0.205343
0.122183 -0.073818
0.122659 0.057321
0.123442 0.188085
0.125159 0.318509
0.128623 0.448527
0.132565 0.579290
0.133478 0.713893
0.150634 0.874525
0.154589 -0.804749
0.162863 -0.667286
0.168302 -0.535017
0.169808 -0.403708
0.169916 -0.271380
0.170270 -0.139538
0.170700 -0.008122
0.171384 0.122926
0.172515 0.253753
0.174938 0.790920
0.175092 0.384777
0.178867 0.515788
0.180219 0.649009
0.205341 -0.730791
0.207640 -0.867418
0.214521 -0.599466
0.217804 -0.337565
0.218032 -0.469926
0.218278 -0.205406
0.218659 -0.073706
0.219326 0.057569
0.220195 0.188667
0.221644 0.320014
0.223480 0.720122
0.225034 0.452266
0.227766 0.584161
0.237517 0.862758
0.243597 -0.793333
0.259194 -0.662320
0.263019 0.787897
0.265925 -0.403800
0.266004 -0.271429
0.266443 -0.535959
0.266594 -0.139410
0.267222 -0.007909
0.267966 0.123313
0.268830 0.254825
0.270701 0.387215
0.274078 0.652319
0.274778 0.521078
0.300087 -0.850860
0.300942 -0.723105
0.313754 -0.337684
0.314478 -0.205165
0.314498 -0.469925
0.314654 -0.602061
0.315024 -0.073486
0.315848 0.057858
0.316482 0.189254
0.317164 0.321725
0.317407 0.716833
0.319651 0.455414
0.324365 0.590855
0.328511 0.844472
0.334858 -0.781895
0.354317 0.776463
0.361797 -0.271036
0.362059 -0.404207
0.362143 -0.669216
0.362890 -0.139087
0.363289 -0.535729
0.363662 -0.007636
0.364324 0.123646
0.364379 0.255580
0.365324 0.389556
0.368674 0.524201
0.374187 0.660876
0.394020 -0.827311
0.406139 -0.739877
0.409079 -0.337199
0.410750 -0.204656
0.410933 -0.601064
0.411350 -0.073064
0.411377 -0.470979
0.411613 0.322501
0.412313 0.058066
0.412507 0.189480
0.413714 0.458262
0.418152 0.592533
0.422497 0.732666
0.422805 0.818652
0.455471 -0.665728
0.457105 -0.403598
0.457448 -0.270412
0.458589 0.389989
0.459195 -0.138425
0.459522 0.255528
0.460203 -0.007160
0.460645 0.123453
0.461588 -0.538054
0.463191 0.527618
0.466895 0.659190
0.473486 -0.801660
0.494777 -0.725675
0.502920 0.790720
0.504163 -0.336772
0.505603 0.322068
0.505850 0.457655
0.506406 -0.469778
0.507108 -0.203683
0.507684 -0.072096
0.508494 0.188454
0.509216 0.058124
0.510706 0.720386
0.510813 -0.606064
0.514986 0.597666
0.551732 0.389079
0.552382 -0.403685
0.552550 -0.269331
0.553966 0.524780
0.554143 0.253263
0.555426 -0.136816
0.555906 -0.768916
0.556387 -0.534602
0.557311 -0.006430
0.557634 0.122599
0.559804 -0.675369
0.570197 0.668240
0.589439 0.753626
0.598183 -0.336126
0.598371 0.318178
0.598848 0.456277
0.602444 -0.596216
0.603357 -0.201023
0.603555 -0.470570
0.603741 0.589506
0.604379 -0.070632
0.605465 0.186273
0.607235 0.058014
0.625783 -0.735651
0.642710 0.382664
0.644997 -0.650940
0.645837 -0.265374
0.646355 -0.403963
0.648467 0.523207
0.649438 0.249689
0.652292 -0.134559
0.654173 0.646884
0.655468 -0.005613
0.655957 0.121275
0.658397 -0.535928
0.662126 0.716108
0.687505 0.445519
0.688766 -0.330480
0.692250 0.313506
0.694136 -0.697493
0.699625 -0.472402
0.701113 -0.197350
0.701643 -0.069228
0.704191 0.183614
0.704885 0.588433
0.706933 0.057724
0.710177 -0.597289
0.732837 0.505060
0.734165 -0.394734
0.736897 0.377003
0.738997 -0.260232
0.739932 0.668348
0.745410 0.246160
0.750547 -0.132889
0.754833 -0.004868
0.755832 0.119739
0.757850 -0.656065
0.762687 -0.539695
0.780806 -0.324505
0.781430 0.557606
0.782758 -0.455579
0.783621 0.438882
0.787021 0.310497
0.798725 -0.068545
0.802291 -0.194463
0.804627 0.621386
0.804941 0.180479
0.808796 0.057683
0.819101 -0.609815
0.827876 -0.387822
0.831578 -0.256527
0.833597 0.375181
0.833662 0.497109
0.837027 -0.504382
0.839961 0.243013
0.850139 -0.133053
0.854715 -0.003087
0.857588 0.117380
0.872442 0.563191
0.874561 -0.324096
0.875042 -0.560740
0.880395 0.309692
0.883975 -0.441079
0.884391 0.437997
0.892541 -0.066311
0.907403 0.176870
0.908475 -0.194851
0.914979 0.056484
0.918295 -0.260410
0.929488 0.241592
0.930281 0.376348
0.930383 -0.379089
0.930901 0.503273
0.933684 -0.500138
0.946970 -0.131053
0.955957 -0.001216
0.959820 0.112233
0.971213 0.312176
0.975204 -0.314243
0.981949 -0.065855
0.982450 0.439887
0.984394 -0.437244
1.002092 -0.240009
1.008793 0.178802
1.012285 0.245705
1.016773 -0.175006
1.027053 0.373058
1.028851 -0.370044
1.029395 0.046148
1.048638 0.113297
1.048781 -0.106340
1.055028 -0.024123
1.064521 0.302773
1.067115 -0.297188
1.095277 0.226733
1.096162 -0.224126
1.115019 0.157983
1.116492 -0.151547
1.128761 0.079183
1.129642 -0.071161
1.133279 0.008648
