-0.999173 0.040654
-0.997483 -0.070909
-0.984801 -0.173686
-0.963748 -0.266814
-0.929433 -0.368992
-0.888002 -0.459840
-0.839709 -0.543037
-0.785684 -0.618628
-0.727117 -0.686514
-0.664786 -0.747034
-0.596448 -0.802651
-0.535591 -0.844477
-0.469527 -0.882918
-0.397899 -0.917429
-0.333919 -0.942602
-0.261119 -0.965307
-0.192136 -0.981368
-0.123696 -0.992320
-0.055401 -0.998464
0.012730 -0.999919
0.080556 -0.996750
0.148000 -0.988987
0.215327 -0.976542
0.285349 -0.958424
0.346353 -0.938104
0.411816 -0.911267
0.469456 -0.882956
0.528199 -0.849120
0.585412 -0.810736
0.643045 -0.765828
0.698372 -0.715735
0.759509 -0.650497
0.815323 -0.579006
0.866928 -0.498434
0.913573 -0.406676
0.950520 -0.310664
0.977267 -0.212012
0.994972 -0.100155
0.999926 0.012204
0.993773 0.111427
0.975297 0.220896
0.949372 0.314156
0.910342 0.413856
0.864775 0.502160
0.813130 0.582083
0.756531 0.653957
0.695839 0.718198
0.629285 0.777174
0.569165 0.822223
0.500480 0.865748
0.439278 0.898351
0.369491 0.929234
0.307255 0.951627
0.236325 0.971674
0.169596 0.985514
0.107058 0.994253
0.034850 0.999393
-0.034320 0.999411
-0.103602 0.994619
-0.173709 0.984797
-0.234456 0.972127
-0.293505 0.955957
-0.355506 0.934674
-0.415536 0.909577
-0.483478 0.875357
-0.545079 0.838384
-0.614221 0.789134
-0.678424 0.734670
-0.739889 0.672729
-0.797867 0.602833
-0.851113 0.524983
-0.898203 0.439581
-0.937771 0.347255
-0.968658 0.248400
-0.990259 0.139237
