-1.182702 0.027611
-1.181407 -0.048197
-1.175851 0.094882
-1.171631 -0.118555
-1.158978 0.170572
-1.155099 -0.183501
-1.134192 0.241003
-1.127353 -0.256848
-1.106551 -0.008544
-1.101253 0.309249
-1.094970 0.121130
-1.092544 -0.324622
-1.087043 -0.075816
-1.078876 0.055626
-1.069416 -0.202434
-1.063962 0.187077
-1.060279 0.375240
-1.057766 -0.137775
-1.050065 -0.389611
-1.034364 0.251402
-1.029017 -0.266165
-1.019673 -0.010925
-1.011566 0.438494
-1.009176 0.118775
-1.000064 -0.451749
-0.998455 0.314405
-0.990272 -0.328155
-0.988789 -0.076321
-0.980727 -0.197495
-0.977507 0.053543
-0.971751 0.185558
-0.955610 0.375512
-0.955582 0.498440
-0.946016 -0.135792
-0.945931 -0.388203
-0.942831 -0.510674
-0.936538 0.250211
-0.933495 -0.262160
-0.926424 -0.011445
-0.918507 0.118789
-0.906046 0.434027
-0.896275 0.312621
-0.895580 -0.445781
-0.892820 0.554624
-0.889169 -0.324748
-0.886439 -0.074338
-0.883646 -0.197414
-0.878378 -0.566263
-0.878229 0.053625
-0.877159 0.184751
-0.850439 0.489434
-0.849855 0.372672
-0.840604 -0.385054
-0.840075 -0.500879
-0.839257 -0.135146
-0.837312 0.248602
-0.834403 -0.260778
-0.829136 -0.010137
-0.824532 0.118861
-0.823454 0.606897
-0.803631 -0.620301
-0.797262 0.430363
-0.793170 0.310208
-0.789781 0.541776
-0.787147 -0.443894
-0.786556 -0.322680
-0.784240 -0.072810
-0.783643 -0.197092
-0.783332 -0.557888
-0.780367 0.183732
-0.779081 0.054358
-0.744556 0.656824
-0.743655 0.369723
-0.739184 0.486326
-0.736739 0.246720
-0.735674 -0.383338
-0.735284 -0.134467
-0.733464 -0.259642
-0.733422 -0.663182
-0.732664 -0.505585
-0.730038 -0.009101
-0.727880 0.118820
-0.727554 0.595478
-0.699213 -0.583168
-0.689463 0.307773
-0.689140 0.427900
-0.683731 -0.445595
-0.683629 -0.321485
-0.682471 -0.196568
-0.682432 -0.071775
-0.681633 0.182614
-0.679568 0.054799
-0.679321 0.544755
-0.670587 0.696278
-0.653287 -0.704616
-0.640979 0.621021
-0.640500 -0.515053
-0.639039 -0.632418
-0.638011 0.367529
-0.635136 0.244860
-0.633105 -0.383896
-0.632665 0.488090
-0.632598 -0.133885
-0.631798 -0.258944
-0.629979 -0.008442
-0.629323 0.118495
-0.590145 -0.571391
-0.586032 -0.449339
-0.585836 0.305776
-0.585413 0.558231
-0.585174 0.734510
-0.584504 0.428307
-0.581705 -0.321562
-0.581454 0.181473
-0.580927 -0.196199
-0.580849 -0.071136
-0.579482 0.054939
-0.576662 0.671656
-0.567545 -0.678325
-0.562309 -0.743563
-0.536194 -0.509056
-0.534834 0.494148
-0.534547 0.366771
-0.533000 -0.385356
-0.532997 0.243345
-0.530555 -0.133539
-0.530421 0.617493
-0.530354 -0.258912
-0.529418 0.118037
-0.529346 -0.008103
-0.526620 -0.623394
-0.506633 0.763700
-0.484589 0.429937
-0.483415 0.690521
-0.483040 0.304760
-0.482943 -0.446581
-0.482814 0.555819
-0.480793 -0.322108
-0.480361 0.180547
-0.480276 -0.565410
-0.479511 -0.196165
-0.479395 -0.070822
-0.478855 0.054892
-0.477602 -0.773182
-0.476017 -0.693440
-0.434462 0.622673
-0.434052 0.491179
-0.433093 0.366866
-0.430900 0.242504
-0.430569 -0.384097
-0.429692 -0.505842
-0.429247 -0.259126
-0.428939 -0.133458
-0.428664 0.117630
-0.428379 -0.007988
-0.427384 -0.629621
-0.422697 0.789317
-0.405040 -0.736368
-0.402527 0.733868
-0.385712 0.553645
-0.382712 0.427982
-0.381035 0.304455
-0.378899 0.180026
-0.378865 -0.321543
-0.378588 -0.445021
-0.378272 -0.196262
-0.378056 -0.070738
-0.377857 0.054780
-0.377717 -0.800863
-0.377244 -0.568209
-0.373784 0.677665
-0.364590 -0.682087
-0.340475 0.809335
-0.333720 0.609920
-0.333227 0.489178
-0.330592 0.365787
-0.329007 0.242201
-0.327681 -0.258891
-0.327571 -0.133485
-0.327552 -0.383415
-0.327511 0.117388
-0.327256 -0.007995
-0.326412 -0.507213
-0.318800 -0.625952
-0.309762 -0.750359
-0.305667 0.747191
-0.282319 0.669240
-0.281977 0.547203
-0.280295 -0.821021
-0.280200 0.426883
-0.278547 0.303928
-0.277364 0.179820
-0.276873 -0.196175
-0.276798 -0.070742
-0.276713 -0.321283
-0.276694 0.054691
-0.275822 -0.445844
-0.271299 -0.567789
-0.264995 -0.692490
-0.253911 0.825387
-0.231068 0.605576
-0.228721 0.486250
-0.227683 0.365387
-0.226918 0.241930
-0.226230 -0.133446
-0.226227 0.117275
-0.226082 -0.008018
-0.226054 -0.258811
-0.225422 -0.383961
-0.222853 0.715284
-0.222609 -0.507916
-0.218184 -0.633487
-0.217230 -0.764415
-0.199904 0.775204
-0.181518 -0.835069
-0.177013 0.545213
-0.175983 0.303807
-0.175861 0.425928
-0.175715 0.179655
-0.175555 -0.070720
-0.175504 -0.196160
-0.175477 0.054654
-0.175100 -0.321632
-0.173765 0.657437
-0.173398 -0.446730
-0.170533 -0.573006
-0.169142 -0.703187
-0.152214 0.838050
-0.125765 0.719452
-0.124969 -0.133447
-0.124891 -0.008005
-0.124888 0.241839
-0.124847 0.117211
-0.124756 -0.259018
-0.124184 0.365225
-0.123824 -0.384648
-0.123353 0.486066
-0.123207 -0.773919
-0.122031 -0.511283
-0.121816 0.600537
-0.120891 -0.640867
-0.096522 0.781297
-0.081573 -0.843060
-0.074377 -0.070715
-0.074341 -0.196289
-0.074228 0.054663
-0.074069 0.179636
-0.073930 -0.322060
-0.073530 -0.709640
-0.073417 0.303752
-0.072951 -0.448682
-0.072296 -0.577571
-0.071478 0.426472
-0.070671 0.660550
-0.068563 0.544340
-0.050557 0.844299
-0.028105 -0.778211
-0.026922 0.722524
-0.024205 -0.644456
-0.023866 -0.133526
-0.023744 -0.259293
-0.023739 -0.007976
-0.023466 0.117262
-0.023365 -0.385656
-0.023130 -0.513677
-0.022891 0.241901
-0.021174 0.365568
-0.017020 0.487122
-0.015432 0.604829
0.002426 0.784143
0.018760 -0.844964
0.022231 -0.711119
0.025419 -0.578884
0.026572 -0.449702
0.026630 -0.196486
0.026665 -0.322624
0.026674 -0.070722
0.026975 0.054739
0.027527 0.179781
0.028855 0.304134
0.032244 0.427228
0.033505 0.666888
0.037386 0.549622
0.051333 0.844275
0.067098 -0.777093
0.072564 -0.643669
0.075528 0.728792
0.075661 -0.513644
0.076761 -0.386192
0.076963 -0.259692
0.077051 -0.133605
0.077315 -0.007910
0.077831 0.117424
0.078861 0.242321
0.081404 0.366434
0.085888 0.490080
0.090021 0.614875
0.102099 0.787648
0.118103 -0.707626
0.118502 -0.840822
0.123611 -0.576917
0.126500 -0.449610
0.127133 -0.323131
0.127343 -0.196667
0.127574 -0.070699
0.128071 0.054899
0.128888 0.180138
0.130681 0.305051
0.134297 0.429575
0.138414 0.554813
0.139367 0.683729
0.157279 0.837573
0.161409 -0.770746
0.170048 -0.639091
0.175727 -0.512410
0.177299 -0.386650
0.177412 -0.259913
0.177782 -0.133642
0.178230 -0.007779
0.178945 0.117732
0.180126 0.243031
0.182656 0.757500
0.182817 0.368518
0.186759 0.493995
0.188169 0.621586
0.214401 -0.699913
0.216801 -0.830766
0.223986 -0.574137
0.227413 -0.323302
0.227651 -0.450070
0.227908 -0.196727
0.228305 -0.070592
0.229003 0.055136
0.229910 0.180695
0.231422 0.306492
0.233339 0.689694
0.234962 0.433157
0.237815 0.559478
0.247996 0.826304
0.254344 -0.759812
0.270629 -0.634334
0.274623 0.754606
0.277657 -0.386738
0.277739 -0.259960
0.278198 -0.513313
0.278356 -0.133520
0.279011 -0.007575
0.279788 0.118103
0.280690 0.244058
0.282644 0.370853
0.286170 0.624756
0.286901 0.499060
0.313326 -0.814908
0.314219 -0.692551
0.327596 -0.323416
0.328352 -0.196496
0.328373 -0.450069
0.328535 -0.576621
0.328922 -0.070381
0.329783 0.055413
0.330445 0.181257
0.331156 0.308131
0.331410 0.686544
0.333753 0.436171
0.338675 0.565890
0.343005 0.808790
0.349631 -0.748857
0.369949 0.743654
0.377758 -0.259583
0.378032 -0.387128
0.378119 -0.640939
0.378899 -0.133210
0.379316 -0.513093
0.379706 -0.007314
0.380397 0.118421
0.380454 0.244781
0.381442 0.373096
0.384939 0.502052
0.390695 0.632952
0.411403 -0.792354
0.424057 -0.708614
0.427127 -0.322951
0.428871 -0.196008
0.429063 -0.575667
0.429498 -0.069977
0.429526 -0.451078
0.429772 0.308875
0.430503 0.055613
0.430706 0.181474
0.431966 0.438899
0.436600 0.567497
0.441137 0.701709
0.441458 0.784061
0.475565 -0.637598
0.477271 -0.386545
0.477629 -0.258987
0.478821 0.373511
0.479453 -0.132576
0.479795 0.244731
0.480507 -0.006858
0.480968 0.118237
0.481952 -0.515320
0.483626 0.505325
0.487493 0.631337
0.494375 -0.767787
0.516606 -0.695013
0.525107 0.757309
0.526406 -0.322542
0.527909 0.308459
0.528167 0.438317
0.528748 -0.449928
0.529480 -0.195077
0.530082 -0.069050
0.530928 0.180491
0.531681 0.055668
0.533238 0.689947
0.533349 -0.580455
0.537706 0.572412
0.576073 0.372639
0.576752 -0.386628
0.576927 -0.257951
0.578406 0.502606
0.578590 0.242562
0.579930 -0.131035
0.580431 -0.736427
0.580933 -0.512013
0.581898 -0.006159
0.582236 0.117419
0.584501 -0.646832
0.595353 0.640004
0.615444 0.721783
0.624573 -0.321924
0.624770 0.304733
0.625268 0.436998
0.629022 -0.571023
0.629976 -0.192529
0.630183 -0.450686
0.630376 0.564597
0.631042 -0.067647
0.632176 0.178402
0.634025 0.055563
0.653391 -0.704567
0.671065 0.366495
0.673453 -0.623435
0.674330 -0.254161
0.674871 -0.386894
0.677075 0.501100
0.678089 0.239139
0.681070 -0.128873
0.683034 0.619551
0.684386 -0.005376
0.684897 0.116151
0.687444 -0.513284
0.691337 0.685850
0.717836 0.426694
0.719153 -0.316516
0.722790 0.300259
0.724759 -0.668021
0.730491 -0.452441
0.732045 -0.189012
0.732597 -0.066303
0.735258 0.175856
0.735983 0.563570
0.738121 0.055285
0.741509 -0.572052
0.765168 0.483719
0.766555 -0.378055
0.769407 0.361073
0.771600 -0.249236
0.772576 0.640108
0.778296 0.235759
0.783660 -0.127274
0.788135 -0.004662
0.789178 0.114680
0.791284 -0.628344
0.796335 -0.516891
0.815253 -0.310793
0.815905 0.534045
0.817292 -0.436329
0.818192 0.420338
0.821742 0.297378
0.833963 -0.065649
0.837686 -0.186246
0.840125 0.595130
0.840453 0.172853
0.844478 0.055246
0.855238 -0.584048
0.864400 -0.371435
0.868265 -0.245687
0.870373 0.359328
0.870441 0.476105
0.873955 -0.483070
0.877018 0.232745
0.887645 -0.127431
0.892423 -0.002956
0.895423 0.112420
0.910932 0.539394
0.913144 -0.310402
0.913647 -0.537047
0.919236 0.296607
0.922974 -0.422442
0.923408 0.419490
0.931917 -0.063509
0.947435 0.169396
0.948555 -0.186618
0.955346 0.054097
0.958808 -0.249407
0.970495 0.231384
0.971322 0.360446
0.971429 -0.363071
0.971970 0.482008
0.974876 -0.479006
0.988748 -0.125515
0.998131 -0.001165
1.002165 0.107491
1.014060 0.298986
1.018227 -0.300965
1.025270 -0.063072
1.025793 0.421300
1.027823 -0.418769
1.046301 -0.229868
1.053298 0.171247
1.056945 0.235323
1.061631 -0.167612
1.072364 0.357295
1.074241 -0.354408
1.074810 0.044198
1.094901 0.108510
1.095051 -0.101847
1.101573 -0.023104
1.111485 0.289979
1.114193 -0.284631
1.143598 0.217153
1.144522 -0.214656
1.164211 0.151308
1.165749 -0.145144
1.178559 0.075837
1.179479 -0.068154
1.183276 0.008283
