-0.997699 0.067803
-0.993037 -0.117804
-0.959182 -0.282790
-0.907501 -0.420050
-0.833038 -0.553216
-0.755348 -0.655324
-0.677852 -0.735199
-0.603379 -0.797455
-0.533382 -0.845874
-0.468024 -0.883716
-0.404215 -0.914664
-0.352753 -0.935717
-0.301412 -0.953494
-0.249578 -0.968355
-0.205967 -0.978559
-0.158687 -0.987329
-0.115525 -0.993305
-0.073841 -0.997270
-0.032940 -0.999457
0.007562 -0.999971
0.047948 -0.998850
0.088539 -0.996073
0.129880 -0.991530
0.174150 -0.984719
0.214227 -0.976784
0.259280 -0.965802
0.301184 -0.953566
0.346684 -0.937982
0.394364 -0.918954
0.446634 -0.894717
0.502061 -0.864832
0.570909 -0.821013
0.642868 -0.765977
0.720166 -0.693802
0.801934 -0.597412
0.877492 -0.479591
0.940223 -0.340559
0.986218 -0.165449
0.999792 0.020418
0.982938 0.183935
0.935266 0.353947
0.874945 0.484222
0.795846 0.605499
0.716613 0.697471
0.639848 0.768502
0.567348 0.823478
0.499604 0.866254
0.433921 0.900951
0.380592 0.924743
0.324956 0.945729
0.279027 0.960283
0.229921 0.973209
0.188373 0.982098
0.143004 0.989722
0.101678 0.994817
0.063823 0.997961
0.020711 0.999786
-0.020394 0.999792
-0.061757 0.998091
-0.104192 0.994557
-0.141773 0.989899
-0.179384 0.983779
-0.220363 0.975418
-0.261957 0.965079
-0.311876 0.950123
-0.360542 0.932743
-0.420174 0.907444
-0.481603 0.876390
-0.547858 0.836572
-0.619257 0.785188
-0.695122 0.718892
-0.773382 0.633941
-0.850104 0.526614
-0.919246 0.393685
-0.973545 0.228497
