-1.449226 0.022533
-1.447640 -0.039333
-1.440832 0.077432
-1.435660 -0.096751
-1.420156 0.139203
-1.415403 -0.149753
-1.389784 0.196681
-1.381404 -0.209611
-1.355915 -0.006973
-1.349423 0.252376
-1.341724 0.098853
-1.338751 -0.264921
-1.332011 -0.061873
-1.322004 0.045396
-1.310411 -0.165204
-1.303729 0.152672
-1.299215 0.306230
-1.296136 -0.112437
-1.286700 -0.317959
-1.267461 0.205167
-1.260908 -0.217215
-1.249458 -0.008916
-1.239525 0.357851
-1.236596 0.096931
-1.225431 -0.368668
-1.223459 0.256584
-1.213432 -0.267804
-1.211615 -0.062285
-1.201736 -0.161174
-1.197790 0.043696
-1.190738 0.151432
-1.170959 0.306452
-1.170924 0.406773
-1.159202 -0.110819
-1.159099 -0.316809
-1.155300 -0.416757
-1.147589 0.204195
-1.143860 -0.213947
-1.135196 -0.009340
-1.125494 0.096943
-1.110225 0.354206
-1.098252 0.255128
-1.097401 -0.363798
-1.094019 0.452624
-1.089545 -0.265024
-1.086200 -0.060667
-1.082777 -0.161108
-1.076322 -0.462122
-1.076139 0.043763
-1.074829 0.150774
-1.042087 0.399423
-1.041372 0.304135
-1.030035 -0.314239
-1.029387 -0.408764
-1.028385 -0.110291
-1.026002 0.202882
-1.022437 -0.212819
-1.015984 -0.008273
-1.010341 0.097001
-1.009021 0.495284
-0.984731 -0.506223
-0.976927 0.351216
-0.971913 0.253158
-0.967760 0.442139
-0.964533 -0.362259
-0.963809 -0.263337
-0.960970 -0.059420
-0.960239 -0.160845
-0.959857 -0.455288
-0.956224 0.149942
-0.954649 0.044361
-0.912343 0.536029
-0.911239 0.301728
-0.905761 0.396887
-0.902765 0.201346
-0.901459 -0.312839
-0.900982 -0.109738
-0.898752 -0.211892
-0.898701 -0.541217
-0.897771 -0.412604
-0.894554 -0.007427
-0.891909 0.096968
-0.891510 0.485964
-0.856783 -0.475919
-0.844835 0.251171
-0.844439 0.349206
-0.837811 -0.363647
-0.837686 -0.262361
-0.836267 -0.160417
-0.836220 -0.058575
-0.835241 0.149030
-0.832711 0.044721
-0.832407 0.444570
-0.821706 0.568227
-0.800506 -0.575031
-0.785426 0.506810
-0.784838 -0.420331
-0.783048 -0.516112
-0.781788 0.299937
-0.778265 0.199828
-0.775777 -0.313294
-0.775238 0.398327
-0.775155 -0.109262
-0.774175 -0.211322
-0.771947 -0.006889
-0.771142 0.096703
-0.723135 -0.466308
-0.718095 -0.366702
-0.717856 0.249542
-0.717337 0.455567
-0.717044 0.599428
-0.716223 0.349538
-0.712793 -0.262424
-0.712486 0.148098
-0.711840 -0.160117
-0.711745 -0.058054
-0.710070 0.044835
-0.706614 0.548133
-0.695442 -0.553576
-0.689026 -0.606816
-0.657026 -0.415437
-0.655360 0.403270
-0.655009 0.299319
-0.653113 -0.314486
-0.653110 0.198592
-0.650116 -0.108980
-0.649952 0.503931
-0.649870 -0.211296
-0.648724 0.096329
-0.648636 -0.006612
-0.645295 -0.508746
-0.620804 0.623250
-0.593792 0.350868
-0.592354 0.563528
-0.591894 0.248712
-0.591775 -0.364451
-0.591617 0.453599
-0.589140 -0.262870
-0.588611 0.147343
-0.588507 -0.461426
-0.587570 -0.160089
-0.587427 -0.057797
-0.586766 0.044797
-0.585231 -0.630988
-0.583289 -0.565911
-0.532369 0.508158
-0.531866 0.400847
-0.530692 0.299396
-0.528004 0.197906
-0.527599 -0.313458
-0.526524 -0.412814
-0.525979 -0.211471
-0.525601 -0.108914
-0.525264 0.095997
-0.524915 -0.006519
-0.523695 -0.513828
-0.517953 0.644155
-0.496316 -0.600944
-0.493237 0.598903
-0.472633 0.451825
-0.468957 0.349273
-0.466902 0.248463
-0.464284 0.146918
-0.464243 -0.262409
-0.463903 -0.363178
-0.463516 -0.160168
-0.463252 -0.057729
-0.463008 0.044706
-0.462837 -0.653578
-0.462257 -0.463711
-0.458016 0.553037
-0.446751 -0.556646
-0.417202 0.660492
-0.408924 0.497751
-0.408321 0.399214
-0.405092 0.298516
-0.403149 0.197659
-0.401524 -0.211279
-0.401390 -0.108936
-0.401366 -0.312902
-0.401316 0.095799
-0.401003 -0.006524
-0.399970 -0.413933
-0.390642 -0.510835
-0.379567 -0.612362
-0.374550 0.609777
-0.345940 0.546161
-0.345521 0.446568
-0.343460 -0.670029
-0.343344 0.348376
-0.341318 0.248034
-0.339868 0.146750
-0.339267 -0.160097
-0.339175 -0.057732
-0.339071 -0.262197
-0.339048 0.044633
-0.337979 -0.363850
-0.332437 -0.463368
-0.324712 -0.565136
-0.311131 0.673592
-0.283140 0.494206
-0.280264 0.396825
-0.278992 0.298189
-0.278054 0.197437
-0.277211 -0.108904
-0.277208 0.095707
-0.277030 -0.006543
-0.276996 -0.211214
-0.276222 -0.313348
-0.273074 0.583737
-0.272775 -0.414506
-0.267352 -0.516984
-0.266183 -0.623833
-0.244953 0.632638
-0.222424 -0.681493
-0.216904 0.444944
-0.215641 0.247935
-0.215492 0.347596
-0.215313 0.146615
-0.215117 -0.057714
-0.215054 -0.160085
-0.215022 0.044603
-0.214559 -0.262481
-0.212924 0.536529
-0.212473 -0.364573
-0.208963 -0.467625
-0.207258 -0.573866
-0.186516 0.683926
-0.154106 0.587139
-0.153131 -0.108905
-0.153036 -0.006533
-0.153031 0.197363
-0.152982 0.095655
-0.152871 -0.211382
-0.152169 0.298057
-0.151729 -0.313908
-0.151151 0.396674
-0.150972 -0.631589
-0.149531 -0.417254
-0.149268 0.490094
-0.148134 -0.523006
-0.118273 0.637610
-0.099956 -0.688015
-0.091138 -0.057710
-0.091094 -0.160190
-0.090955 0.044610
-0.090761 0.146600
-0.090590 -0.262831
-0.090100 -0.579132
-0.089962 0.247889
-0.089391 -0.366166
-0.088588 -0.471351
-0.087585 0.348040
-0.086596 0.539069
-0.084014 0.444231
-0.061950 0.689025
-0.034439 -0.635092
-0.032989 0.589646
-0.029659 -0.525935
-0.029245 -0.108970
-0.029094 -0.211607
-0.029088 -0.006509
-0.028754 0.095696
-0.028630 -0.314731
-0.028342 -0.419208
-0.028049 0.197413
-0.025946 0.298337
-0.020855 0.397536
-0.018909 0.493596
0.002973 0.639933
0.022987 -0.689569
0.027241 -0.580338
0.031147 -0.472422
0.032560 -0.366999
0.032631 -0.160351
0.032675 -0.263291
0.032685 -0.057716
0.033053 0.044672
0.033730 0.146718
0.035357 0.248202
0.039510 0.348657
0.041056 0.544242
0.045811 0.448542
0.062901 0.689006
0.082219 -0.634179
0.088917 -0.525293
0.092548 0.594761
0.092712 -0.419181
0.094060 -0.315168
0.094307 -0.211932
0.094414 -0.109034
0.094738 -0.006455
0.095371 0.095829
0.096632 0.197756
0.099749 0.299044
0.105243 0.399950
0.110307 0.501795
0.125107 0.642793
0.144717 -0.577488
0.145207 -0.686188
0.151467 -0.470817
0.155007 -0.366923
0.155782 -0.263704
0.156040 -0.160498
0.156323 -0.057697
0.156932 0.044803
0.157933 0.147009
0.160130 0.248949
0.164562 0.350573
0.169606 0.452778
0.170773 0.557986
0.192723 0.683536
0.197783 -0.628999
0.208368 -0.521557
0.215328 -0.418174
0.217254 -0.315542
0.217392 -0.212113
0.217845 -0.109064
0.218395 -0.006348
0.219270 0.096080
0.220717 0.198336
0.223818 0.618190
0.224015 0.300745
0.228845 0.403145
0.230574 0.507272
0.262716 -0.571193
0.265657 -0.677982
0.274461 -0.468548
0.278662 -0.263844
0.278953 -0.367298
0.279267 -0.160547
0.279754 -0.057610
0.280609 0.044996
0.281720 0.147464
0.283573 0.250126
0.285923 0.562854
0.287912 0.353496
0.291407 0.456585
0.303882 0.674340
0.311661 -0.620077
0.331615 -0.517675
0.336509 0.615828
0.340228 -0.315614
0.340328 -0.212151
0.340890 -0.418911
0.341084 -0.108964
0.341887 -0.006182
0.342839 0.096383
0.343944 0.199173
0.346338 0.302651
0.350659 0.509859
0.351555 0.407279
0.383934 -0.665040
0.385028 -0.565185
0.401420 -0.263937
0.402347 -0.160359
0.402372 -0.367298
0.402572 -0.470576
0.403045 -0.057437
0.404100 0.045222
0.404911 0.147923
0.405783 0.251463
0.406094 0.560283
0.408965 0.355956
0.414996 0.461818
0.420301 0.660047
0.428421 -0.611136
0.453318 0.606890
0.462887 -0.211844
0.463222 -0.315932
0.463330 -0.523065
0.464285 -0.108711
0.464796 -0.418731
0.465273 -0.005969
0.466120 0.096643
0.466191 0.199764
0.467400 0.304481
0.471686 0.409721
0.478739 0.516547
0.504114 -0.646634
0.519619 -0.578294
0.523380 -0.263558
0.525518 -0.159961
0.525753 -0.469797
0.526287 -0.057107
0.526320 -0.368121
0.526622 0.252070
0.527518 0.045385
0.527767 0.148100
0.529311 0.358182
0.534989 0.463130
0.540548 0.572659
0.540942 0.639866
0.582735 -0.520339
0.584825 -0.315456
0.585264 -0.211357
0.586724 0.304819
0.587499 -0.108194
0.587918 0.199723
0.588790 -0.005596
0.589355 0.096492
0.590561 -0.420548
0.592613 0.412391
0.597350 0.515229
0.605783 -0.626584
0.633024 -0.567194
0.643441 0.618034
0.645033 -0.263224
0.646874 0.251731
0.647190 0.357707
0.647902 -0.367183
0.648800 -0.159201
0.649537 -0.056351
0.650573 0.147297
0.651497 0.045430
0.653404 0.563060
0.653541 -0.473705
0.658880 0.467141
0.705893 0.304108
0.706724 -0.315524
0.706939 -0.210512
0.708751 0.410173
0.708977 0.197953
0.710618 -0.106936
0.711232 -0.600992
0.711848 -0.417850
0.713030 -0.005026
0.713444 0.095825
0.716220 -0.527875
0.729517 0.522302
0.754135 0.589041
0.765322 -0.262719
0.765563 0.248690
0.766173 0.356631
0.770773 -0.466008
0.771942 -0.157121
0.772196 -0.367801
0.772433 0.460763
0.773249 -0.055206
0.774638 0.145593
0.776904 0.045345
0.800634 -0.574991
0.822291 0.299094
0.825217 -0.508781
0.826291 -0.207419
0.826954 -0.315741
0.829656 0.408944
0.830898 0.195159
0.834550 -0.105172
0.836957 0.505611
0.838614 -0.004387
0.839240 0.094790
0.842360 -0.418887
0.847131 0.559717
0.879602 0.348221
0.881216 -0.258306
0.885673 0.245039
0.888085 -0.545167
0.895108 -0.369233
0.897012 -0.154251
0.897690 -0.054109
0.900950 0.143515
0.901838 0.459925
0.904458 0.045118
0.908609 -0.466847
0.937600 0.394759
0.939300 -0.308527
0.942795 0.294669
0.945482 -0.203399
0.946677 0.522387
0.953686 0.192401
0.960259 -0.103868
0.965743 -0.003805
0.967021 0.093589
0.969602 -0.512787
0.975791 -0.421831
0.998972 -0.253636
0.999771 0.435830
1.001470 -0.356085
1.002574 0.343034
1.006924 0.242687
1.021898 -0.053576
1.026461 -0.151994
1.029449 0.485681
1.029851 0.141064
1.034783 0.045086
1.047968 -0.476637
1.059194 -0.303125
1.063930 -0.200504
1.066513 0.293245
1.066597 0.388545
1.070902 -0.394229
1.074656 0.189942
1.087677 -0.103995
1.093532 -0.002413
1.097208 0.091745
1.116213 0.440195
1.118923 -0.253316
1.119539 -0.438280
1.126387 0.242058
1.130968 -0.344751
1.131500 0.342342
1.141927 -0.051829
1.160942 0.138243
1.162313 -0.152298
1.170635 0.044148
1.174878 -0.203539
1.189198 0.188830
1.190212 0.294157
1.190343 -0.296299
1.191006 0.393363
1.194567 -0.390913
1.211565 -0.102432
1.223062 -0.000951
1.228005 0.087722
1.242581 0.244000
1.247687 -0.245615
1.256317 -0.051473
1.256958 0.343820
1.259446 -0.341754
1.282088 -0.187593
1.290661 0.139754
1.295130 0.192046
1.300871 -0.136787
1.314024 0.291586
1.316324 -0.289230
1.317021 0.036070
1.341640 0.088554
1.341823 -0.083116
1.349815 -0.018855
1.361961 0.236650
1.365279 -0.232285
1.401310 0.177217
1.402442 -0.175179
1.426569 0.123481
1.428453 -0.118451
1.444149 0.061890
1.445277 -0.055620
1.449930 0.006760
