300 285 271
48 54 36
406 425 429
285 300 313
199 172 185
271 285 257
537 527 539
539 527 530
530 527 514
516 525 509
492 499 512
476 487 492
372 398 385
342 368 366
363 368 342
167 142 153
155 142 167
186 200 173
160 188 174
174 188 201
306 292 319
269 240 255
338 310 324
324 310 296
323 335 350
509 525 519
13 2 4
3 11 5
417 384 394
394 429 417
406 429 394
345 315 328
330 315 345
405 425 406
417 429 435
435 426 417
453 426 435
442 429 425
119 95 120
119 120 145
145 120 144
98 95 119
371 394 384
380 367 353
124 101 108
169 185 158
158 185 172
158 144 169
156 145 158
158 145 144
199 185 213
326 314 299
285 313 299
299 313 326
298 284 270
339 342 366
454 431 430
539 530 538
536 538 529
529 538 530
525 516 531
492 512 501
512 520 501
499 492 487
453 476 459
402 384 417
417 426 402
386 402 411
411 402 426
331 318 304
467 456 446
446 459 467
483 460 469
472 460 483
274 289 264
304 275 290
302 289 274
302 315 330
184 172 199
427 439 451
451 439 461
461 473 451
413 398 424
413 385 398
400 385 413
424 439 413
413 427 400
439 427 413
374 385 400
400 388 374
374 388 360
392 368 379
203 176 191
191 217 203
203 217 235
363 342 336
200 186 214
229 242 214
214 228 200
242 228 214
187 186 171
171 174 187
187 174 201
201 188 216
216 240 224
237 255 216
216 255 240
254 240 269
201 216 224
224 210 201
224 254 229
240 254 224
375 361 348
375 388 401
348 360 375
360 388 375
389 375 401
361 375 389
294 279 307
307 321 294
333 306 319
333 360 348
307 279 293
262 292 278
292 306 278
306 293 278
308 321 335
335 323 308
280 294 308
308 294 321
335 321 349
348 361 334
334 321 307
361 349 334
334 349 321
269 255 283
296 310 283
269 283 297
297 283 310
337 323 350
338 324 352
352 365 338
378 365 352
324 337 352
323 337 309
309 324 296
309 337 324
509 519 502
404 392 379
379 368 363
338 365 351
363 336 351
351 379 363
365 379 351
391 365 378
404 379 391
391 379 365
410 422 403
403 390 410
378 390 403
403 391 378
419 433 443
457 468 443
443 433 457
35 27 19
66 78 57
88 78 66
1 2 9
2 13 9
18 4 6
18 13 4
49 58 71
39 58 49
96 110 127
96 94 72
72 83 96
357 343 330
330 345 357
329 343 355
444 435 429
444 442 458
429 442 444
84 98 107
84 61 79
79 98 84
95 98 79
69 61 84
84 80 69
48 61 69
69 54 48
69 80 54
54 80 65
381 405 406
406 394 381
394 371 381
381 371 367
371 354 367
381 367 380
380 405 381
340 353 367
340 354 326
367 354 340
326 313 340
327 313 300
327 340 313
353 340 327
179 193 205
179 167 153
178 193 166
193 179 166
153 141 166
166 179 153
208 193 178
178 195 208
164 195 178
138 124 150
150 164 138
238 257 249
189 185 169
189 213 185
256 228 242
242 270 256
256 270 284
366 368 393
393 392 407
368 392 393
312 284 298
342 339 322
322 312 298
339 312 322
322 336 342
311 336 322
484 478 497
484 463 478
438 422 447
447 463 438
438 463 450
450 430 438
454 430 450
534 521 532
505 521 524
536 529 524
524 534 536
521 534 524
488 498 477
477 467 488
456 467 477
469 456 477
526 532 517
532 521 517
528 515 527
528 537 535
527 537 528
506 515 496
506 495 514
514 527 515
514 515 506
494 483 505
472 483 494
509 502 490
480 468 490
490 502 480
496 474 486
486 506 496
495 506 486
473 495 486
510 501 520
510 517 498
510 498 488
488 501 510
510 520 526
526 517 510
437 426 453
453 459 437
437 459 446
437 411 426
437 446 420
420 411 437
479 476 492
479 459 476
479 467 459
488 467 479
492 501 479
479 501 488
317 331 304
304 290 317
432 421 408
432 408 420
420 446 432
446 456 432
445 456 469
469 460 445
445 432 456
421 432 445
408 421 396
505 483 489
489 483 469
469 477 489
489 477 498
274 264 251
329 317 303
303 317 290
289 302 316
316 343 329
330 343 316
316 302 330
329 303 316
316 303 289
249 241 227
199 213 227
227 238 249
213 238 227
212 241 226
212 184 199
199 227 212
212 227 241
259 241 249
291 260 275
291 275 304
304 318 291
275 260 245
261 290 275
275 245 261
261 245 234
261 234 248
449 461 439
449 439 424
449 460 472
472 461 449
377 387 397
397 390 377
397 419 410
410 390 397
409 433 419
419 397 409
409 397 387
409 387 399
401 388 415
400 427 415
415 388 400
385 374 359
372 385 359
416 431 407
407 392 416
416 430 431
404 430 416
416 392 404
129 114 106
106 117 129
130 117 105
130 142 155
155 167 182
182 168 155
50 70 56
91 114 100
91 70 82
82 106 91
91 106 114
163 192 177
296 283 268
268 283 255
268 255 237
237 253 268
204 192 219
204 217 191
191 177 204
204 177 192
232 219 247
232 204 219
217 204 232
175 188 160
176 161 148
148 123 135
139 114 129
139 154 163
129 154 139
81 90 105
81 71 58
153 142 126
126 141 153
34 47 55
210 214 186
186 187 210
187 201 210
229 214 210
210 224 229
282 297 311
282 254 269
269 297 282
307 293 320
320 333 348
306 333 320
320 293 306
348 334 320
320 334 307
263 293 279
263 278 293
263 279 247
335 349 362
350 335 362
362 377 350
362 387 377
364 352 337
377 390 364
364 390 378
378 352 364
350 377 364
364 337 350
480 502 491
497 478 491
511 502 519
497 491 511
511 491 502
311 297 325
325 336 311
325 351 336
338 351 325
325 310 338
325 297 310
391 403 418
404 391 418
418 422 438
418 403 422
418 430 404
438 430 418
45 66 57
53 66 45
45 35 53
27 35 45
19 27 12
25 35 19
43 36 54
53 35 43
43 25 36
35 25 43
54 65 43
43 65 53
89 78 104
104 78 88
15 18 6
82 71 92
92 106 82
117 106 92
105 117 92
92 81 105
71 81 92
28 18 34
13 18 28
30 39 49
52 73 62
63 85 73
73 52 63
100 85 75
75 91 100
70 91 75
56 70 75
75 63 56
85 63 75
146 174 171
160 174 146
110 122 137
137 127 110
160 146 137
137 146 127
118 94 96
96 127 118
62 73 86
86 74 62
112 122 102
102 86 112
74 86 102
102 122 110
74 83 64
83 74 93
74 102 93
93 102 110
93 110 96
96 83 93
83 72 60
44 64 60
64 83 60
386 357 373
373 357 345
373 402 386
384 402 373
369 355 382
408 396 382
382 396 369
475 465 458
453 435 444
453 444 465
444 458 465
465 476 453
465 475 476
476 475 487
97 80 84
84 107 97
107 98 119
131 107 119
131 140 107
119 145 131
87 65 80
108 101 87
87 97 108
80 97 87
358 345 328
358 371 384
384 373 358
358 373 345
341 314 326
326 354 341
328 314 341
341 358 328
341 354 371
371 358 341
141 128 152
152 166 141
152 128 138
138 164 152
178 166 152
152 164 178
271 257 243
257 238 243
215 238 213
213 189 215
215 243 238
478 463 466
463 447 466
466 491 478
480 491 466
434 422 410
434 447 422
410 419 434
419 443 434
454 450 470
463 484 470
470 450 463
496 515 504
482 495 473
472 494 482
473 461 482
482 461 472
505 524 513
513 494 505
513 524 518
500 508 516
500 516 509
509 490 500
399 389 414
414 389 401
423 414 440
399 414 423
423 409 399
433 409 423
451 473 464
473 486 464
464 486 474
331 317 344
369 356 344
344 356 331
344 355 369
329 355 344
344 317 329
318 331 346
331 356 346
346 356 372
346 332 318
372 359 346
346 359 332
412 396 421
424 398 412
507 521 505
505 489 507
507 517 521
498 517 507
507 489 498
276 264 289
289 303 276
248 264 276
276 303 290
276 261 248
290 261 276
272 259 249
285 299 272
272 257 285
249 257 272
301 314 328
328 315 301
226 241 252
241 259 252
198 212 226
184 212 198
184 198 170
170 198 183
136 124 108
165 150 136
136 150 124
318 332 305
305 291 318
319 292 305
305 332 319
230 245 260
260 244 230
221 208 234
234 245 221
193 208 221
245 230 221
205 193 221
221 230 205
436 445 460
460 449 436
436 449 424
424 412 436
421 445 436
436 412 421
401 415 428
428 414 401
440 414 428
347 359 374
347 333 319
319 332 347
332 359 347
347 374 360
360 333 347
129 117 143
143 154 129
168 154 143
155 168 143
143 130 155
117 130 143
247 219 233
233 263 247
219 192 206
206 233 219
222 233 206
194 182 167
194 179 205
167 179 194
82 70 59
70 50 59
49 71 59
59 71 82
176 148 162
162 148 135
191 176 162
162 177 191
281 268 253
281 309 296
296 268 281
266 232 247
247 279 266
266 294 280
279 294 266
235 217 250
217 232 250
232 266 250
250 266 280
161 175 147
147 175 160
160 137 147
147 137 122
202 216 188
188 175 202
237 216 202
109 85 100
135 123 109
112 123 133
123 148 133
133 122 112
133 147 122
133 148 161
161 147 133
114 139 125
135 109 125
100 114 125
125 109 100
116 126 142
116 130 105
142 130 116
105 90 116
103 116 90
126 116 103
115 128 141
141 126 115
89 104 115
115 104 128
115 103 89
126 103 115
67 81 58
90 81 67
254 282 258
229 254 258
258 242 229
258 270 242
376 362 349
376 349 361
399 387 376
387 362 376
376 389 399
361 389 376
27 45 38
57 47 38
38 45 57
113 88 101
113 104 88
101 124 113
113 124 138
138 128 113
128 104 113
8 15 6
22 28 39
39 30 22
22 9 13
13 28 22
1 9 14
14 24 11
14 30 24
9 22 14
14 22 30
14 3 1
14 11 3
31 20 16
16 5 11
16 24 31
11 24 16
5 16 7
7 16 20
37 20 31
37 50 56
31 50 37
41 52 62
94 118 111
420 408 395
408 382 395
395 411 420
386 411 395
65 87 76
76 66 53
53 65 76
88 66 76
101 88 76
76 87 101
455 466 447
447 434 455
455 434 443
480 466 455
455 468 480
455 443 468
515 528 522
522 504 515
535 533 522
522 528 535
508 504 522
493 504 508
508 500 493
518 524 529
518 530 514
518 529 530
481 500 490
457 471 481
471 493 481
481 493 500
481 468 457
481 490 468
448 423 440
448 471 457
457 433 448
433 423 448
448 462 471
440 462 448
396 412 383
383 356 369
369 396 383
372 356 383
383 398 372
383 412 398
314 301 286
286 299 314
286 272 299
259 272 286
226 252 239
265 239 252
274 251 265
251 239 265
180 209 195
195 164 180
180 150 165
164 150 180
248 234 223
234 208 223
223 208 195
195 209 223
236 251 264
236 264 248
248 223 236
236 223 209
172 184 156
184 170 156
156 158 172
156 131 145
140 131 156
156 170 140
140 170 151
165 136 151
151 183 165
151 170 183
121 136 108
107 140 121
140 151 121
121 151 136
108 97 121
121 97 107
260 291 277
291 305 277
277 244 260
262 244 277
277 292 262
277 305 292
474 462 452
452 464 474
452 462 440
440 428 452
441 415 427
441 428 415
441 427 451
441 452 428
451 464 441
464 452 441
246 233 222
262 278 246
278 263 246
263 233 246
181 206 192
181 154 168
181 192 163
163 154 181
168 182 196
196 181 168
206 181 196
222 206 196
220 194 205
205 230 220
220 230 244
40 59 50
31 24 40
40 50 31
49 59 40
40 30 49
24 30 40
149 162 135
135 125 149
149 125 139
177 162 149
163 177 149
149 139 163
267 281 253
267 250 280
267 253 235
235 250 267
280 308 295
295 267 280
281 267 295
295 308 323
323 309 295
309 281 295
237 202 218
218 203 235
218 253 237
235 253 218
190 175 161
190 202 175
190 161 176
176 203 190
203 218 190
190 218 202
85 109 99
112 86 99
99 123 112
99 109 123
73 85 99
99 86 73
55 67 46
39 28 46
58 39 46
46 67 58
34 55 46
46 28 34
77 67 55
89 103 77
77 103 90
90 67 77
287 258 282
287 282 311
298 270 287
270 258 287
311 322 298
311 298 287
29 38 47
29 47 34
34 18 29
18 15 29
27 38 21
15 8 21
21 29 15
38 29 21
21 12 27
21 8 12
10 7 20
20 37 26
17 10 26
26 10 20
51 64 44
51 41 62
62 74 64
51 62 64
134 111 118
134 146 171
127 146 134
134 118 127
370 382 355
370 395 382
370 355 343
343 357 370
370 357 386
386 395 370
523 522 533
508 522 523
533 531 523
523 531 516
516 508 523
496 504 485
504 493 485
485 474 496
485 462 474
471 462 485
485 493 471
494 513 503
513 518 503
495 482 503
503 482 494
514 495 503
503 518 514
273 286 301
273 265 252
273 252 259
259 286 273
183 198 211
211 198 226
226 239 211
288 301 315
274 265 288
288 273 301
265 273 288
288 302 274
315 302 288
262 246 231
231 246 222
231 244 262
231 220 244
182 194 207
194 220 207
220 231 207
207 231 222
222 196 207
207 196 182
68 55 47
68 77 55
68 47 57
57 78 68
68 78 89
89 77 68
42 26 37
42 63 52
56 63 42
42 37 56
52 41 32
32 42 52
26 42 32
41 23 32
17 26 32
32 23 17
33 23 41
33 51 44
41 51 33
159 134 171
171 186 159
159 186 173
173 157 159
111 134 132
132 159 157
134 159 132
183 211 197
209 180 197
165 183 197
197 180 165
225 236 209
209 197 225
225 197 211
251 236 225
225 239 251
225 211 239
