-1.199359 0.027227
-1.198047 -0.047527
-1.192412 0.093564
-1.188133 -0.116908
-1.175301 0.168203
-1.171368 -0.180952
-1.150166 0.237656
-1.143231 -0.253280
-1.122137 -0.008425
-1.116764 0.304954
-1.110392 0.119447
-1.107932 -0.320113
-1.102354 -0.074763
-1.094072 0.054854
-1.084478 -0.199622
-1.078948 0.184479
-1.075212 0.370028
-1.072664 -0.135862
-1.064855 -0.384200
-1.048933 0.247910
-1.043510 -0.262468
-1.034035 -0.010774
-1.025814 0.432403
-1.023390 0.117125
-1.014150 -0.445474
-1.012517 0.310039
-1.004220 -0.323597
-1.002716 -0.075261
-0.994540 -0.194752
-0.991274 0.052799
-0.985438 0.182981
-0.969070 0.370296
-0.969041 0.491517
-0.959340 -0.133906
-0.959254 -0.382811
-0.956110 -0.503581
-0.949729 0.246736
-0.946643 -0.258519
-0.939472 -0.011286
-0.931443 0.117139
-0.918807 0.427999
-0.908898 0.308279
-0.908194 -0.439589
-0.905395 0.546921
-0.901692 -0.320238
-0.898924 -0.073306
-0.896091 -0.194672
-0.890749 -0.558398
-0.890598 0.052880
-0.889513 0.182185
-0.862417 0.482637
-0.861825 0.367496
-0.852443 -0.379706
-0.851907 -0.493923
-0.851077 -0.133269
-0.849105 0.245149
-0.846155 -0.257156
-0.840814 -0.009997
-0.836145 0.117210
-0.835052 0.598468
-0.814950 -0.611686
-0.808491 0.424386
-0.804342 0.305899
-0.800905 0.534251
-0.798234 -0.437729
-0.797635 -0.318198
-0.795285 -0.071799
-0.794680 -0.194354
-0.794365 -0.550140
-0.791358 0.181180
-0.790054 0.053603
-0.755043 0.647701
-0.754129 0.364588
-0.749595 0.479572
-0.747116 0.243293
-0.746035 -0.378013
-0.745641 -0.132600
-0.743795 -0.256036
-0.743752 -0.653971
-0.742983 -0.498563
-0.740320 -0.008975
-0.738131 0.117170
-0.737802 0.587207
-0.709061 -0.575069
-0.699174 0.303499
-0.698846 0.421957
-0.693361 -0.439406
-0.693258 -0.317019
-0.692083 -0.193838
-0.692044 -0.070779
-0.691234 0.180078
-0.689140 0.054038
-0.688889 0.537189
-0.680032 0.686607
-0.662488 -0.694830
-0.650007 0.612396
-0.649521 -0.507899
-0.648040 -0.623635
-0.646997 0.362424
-0.644081 0.241459
-0.642022 -0.378564
-0.641576 0.481311
-0.641508 -0.132025
-0.640697 -0.255348
-0.638852 -0.008325
-0.638187 0.116849
-0.598457 -0.563455
-0.594285 -0.443099
-0.594087 0.301529
-0.593658 0.550477
-0.593415 0.724309
-0.592736 0.422359
-0.589898 -0.317096
-0.589643 0.178952
-0.589109 -0.193474
-0.589030 -0.070148
-0.587644 0.054176
-0.584784 0.662328
-0.575539 -0.668904
-0.570229 -0.733236
-0.543746 -0.501986
-0.542367 0.487284
-0.542076 0.361677
-0.540507 -0.380004
-0.540504 0.239965
-0.538027 -0.131685
-0.537891 0.608917
-0.537823 -0.255316
-0.536875 0.116398
-0.536802 -0.007990
-0.534037 -0.614735
-0.513769 0.753093
-0.491414 0.423966
-0.490224 0.680930
-0.489843 0.300528
-0.489745 -0.440379
-0.489614 0.548099
-0.487565 -0.317635
-0.487127 0.178039
-0.487041 -0.557557
-0.486264 -0.193441
-0.486147 -0.069838
-0.485600 0.054129
-0.484329 -0.762444
-0.482722 -0.683809
-0.440582 0.614025
-0.440165 0.484357
-0.439193 0.361770
-0.436969 0.239136
-0.436634 -0.378762
-0.435744 -0.498817
-0.435293 -0.255527
-0.434980 -0.131604
-0.434701 0.115996
-0.434412 -0.007877
-0.433403 -0.620876
-0.428650 0.778354
-0.410745 -0.726140
-0.408196 0.723675
-0.391145 0.545956
-0.388102 0.422038
-0.386402 0.300226
-0.384235 0.177526
-0.384201 -0.317077
-0.383920 -0.438840
-0.383599 -0.193536
-0.383381 -0.069756
-0.383179 0.054020
-0.383037 -0.789740
-0.382557 -0.560318
-0.379048 0.668253
-0.369725 -0.672614
-0.345271 0.798094
-0.338420 0.601449
-0.337920 0.482384
-0.335248 0.360707
-0.333641 0.238837
-0.332296 -0.255295
-0.332185 -0.131631
-0.332165 -0.378090
-0.332123 0.115757
-0.331865 -0.007884
-0.331009 -0.500169
-0.323290 -0.617259
-0.314124 -0.739937
-0.309972 0.736814
-0.286296 0.659945
-0.285948 0.539603
-0.284243 -0.809618
-0.284147 0.420954
-0.282470 0.299707
-0.281270 0.177323
-0.280773 -0.193450
-0.280696 -0.069759
-0.280610 -0.316821
-0.280592 0.053932
-0.279706 -0.439652
-0.275120 -0.559903
-0.268727 -0.682872
-0.257488 0.813923
-0.234323 0.597165
-0.231942 0.479497
-0.230890 0.360312
-0.230114 0.238570
-0.229416 -0.131593
-0.229414 0.115647
-0.229266 -0.007906
-0.229238 -0.255216
-0.228597 -0.378629
-0.225992 0.705349
-0.225745 -0.500861
-0.221257 -0.624689
-0.220289 -0.753798
-0.202720 0.764437
-0.184075 -0.823471
-0.179507 0.537640
-0.178462 0.299588
-0.178338 0.420012
-0.178190 0.177160
-0.178028 -0.069738
-0.177976 -0.193436
-0.177949 0.053895
-0.177566 -0.317165
-0.176213 0.648306
-0.175840 -0.440525
-0.172935 -0.565047
-0.171524 -0.693421
-0.154358 0.826410
-0.127536 0.709460
-0.126729 -0.131594
-0.126650 -0.007894
-0.126647 0.238480
-0.126606 0.115583
-0.126514 -0.255420
-0.125933 0.360152
-0.125568 -0.379306
-0.125090 0.479315
-0.124942 -0.763171
-0.123750 -0.504182
-0.123532 0.592196
-0.122594 -0.631966
-0.097881 0.770445
-0.082722 -0.831351
-0.075425 -0.069732
-0.075388 -0.193563
-0.075274 0.053904
-0.075112 0.177141
-0.074971 -0.317587
-0.074566 -0.699784
-0.074451 0.299533
-0.073978 -0.442450
-0.073314 -0.569549
-0.072484 0.420549
-0.071666 0.651375
-0.069529 0.536779
-0.051269 0.832572
-0.028501 -0.767403
-0.027302 0.712489
-0.024545 -0.635505
-0.024203 -0.131672
-0.024078 -0.255691
-0.024073 -0.007865
-0.023796 0.115633
-0.023694 -0.380300
-0.023455 -0.506543
-0.023213 0.238541
-0.021473 0.360490
-0.017259 0.480356
-0.015649 0.596428
0.002461 0.773252
0.019024 -0.833229
0.022544 -0.701242
0.025777 -0.570844
0.026946 -0.443457
0.027005 -0.193757
0.027041 -0.318143
0.027050 -0.069740
0.027354 0.053979
0.027915 0.177284
0.029261 0.299910
0.032698 0.421294
0.033977 0.657626
0.037913 0.541988
0.052056 0.832549
0.068043 -0.766300
0.073586 -0.634729
0.076592 0.718670
0.076727 -0.506510
0.077843 -0.380828
0.078047 -0.256085
0.078136 -0.131749
0.078404 -0.007800
0.078927 0.115793
0.079972 0.238955
0.082551 0.361345
0.087098 0.483273
0.091289 0.606335
0.103537 0.776708
0.119766 -0.697798
0.120171 -0.829144
0.125352 -0.568904
0.128281 -0.443366
0.128923 -0.318643
0.129137 -0.193935
0.129371 -0.069717
0.129874 0.054137
0.130703 0.177636
0.132521 0.300814
0.136189 0.423609
0.140363 0.547107
0.141330 0.674233
0.159495 0.825940
0.163682 -0.760041
0.172443 -0.630215
0.178202 -0.505293
0.179796 -0.381280
0.179911 -0.256303
0.180285 -0.131786
0.180741 -0.007671
0.181465 0.116097
0.182663 0.239656
0.185229 0.746980
0.185391 0.363400
0.189389 0.487133
0.190820 0.612953
0.217420 -0.690192
0.219854 -0.819228
0.227140 -0.566162
0.230616 -0.318811
0.230858 -0.443819
0.231118 -0.193995
0.231521 -0.069612
0.232228 0.054370
0.233148 0.178186
0.234681 0.302235
0.236626 0.680115
0.238272 0.427140
0.241164 0.551707
0.251489 0.814827
0.257926 -0.749259
0.274440 -0.625524
0.278491 0.744125
0.281568 -0.381367
0.281651 -0.256350
0.282116 -0.506184
0.282276 -0.131665
0.282941 -0.007469
0.283729 0.116462
0.284643 0.240668
0.286625 0.365703
0.290200 0.616079
0.290942 0.492129
0.317739 -0.803590
0.318644 -0.682932
0.332210 -0.318924
0.332977 -0.193767
0.332998 -0.443818
0.333163 -0.568613
0.333555 -0.069403
0.334428 0.054643
0.335099 0.178740
0.335820 0.303852
0.336078 0.677009
0.338454 0.430113
0.343445 0.558030
0.347836 0.797557
0.354555 -0.738457
0.375159 0.733326
0.383079 -0.255978
0.383356 -0.381751
0.383445 -0.632037
0.384236 -0.131360
0.384658 -0.505966
0.385053 -0.007212
0.385755 0.116776
0.385813 0.241381
0.386814 0.367914
0.390361 0.495079
0.396198 0.624161
0.417198 -0.781349
0.430030 -0.698772
0.433142 -0.318466
0.434912 -0.193286
0.435106 -0.567671
0.435547 -0.069005
0.435575 -0.444813
0.435825 0.304585
0.436567 0.054840
0.436773 0.178954
0.438050 0.432803
0.442749 0.559615
0.447350 0.691963
0.447676 0.773172
0.482264 -0.628743
0.483993 -0.381176
0.484356 -0.255390
0.485565 0.368323
0.486206 -0.130734
0.486552 0.241332
0.487274 -0.006762
0.487742 0.116595
0.488740 -0.508162
0.490438 0.498306
0.494359 0.622568
0.501338 -0.757123
0.523882 -0.685360
0.532503 0.746791
0.533820 -0.318062
0.535344 0.304175
0.535605 0.432229
0.536195 -0.443679
0.536938 -0.192368
0.537548 -0.068091
0.538405 0.177984
0.539170 0.054895
0.540748 0.680364
0.540861 -0.572394
0.545280 0.564462
0.584187 0.367463
0.584875 -0.381258
0.585053 -0.254369
0.586552 0.495625
0.586740 0.239193
0.588098 -0.129215
0.588606 -0.726199
0.589116 -0.504902
0.590094 -0.006073
0.590436 0.115788
0.592734 -0.637848
0.603738 0.631115
0.624112 0.711758
0.633370 -0.317453
0.633569 0.300501
0.634075 0.430929
0.637881 -0.563092
0.638849 -0.189855
0.639058 -0.444427
0.639255 0.556755
0.639930 -0.066708
0.641080 0.175924
0.642955 0.054791
0.662594 -0.694781
0.680517 0.361405
0.682938 -0.614777
0.683827 -0.250631
0.684376 -0.381520
0.686612 0.494140
0.687640 0.235817
0.690662 -0.127083
0.692654 0.610946
0.694025 -0.005301
0.694543 0.114538
0.697126 -0.506155
0.701074 0.676324
0.727946 0.420768
0.729282 -0.312120
0.732970 0.296089
0.734967 -0.658743
0.740779 -0.446157
0.742355 -0.186386
0.742916 -0.065382
0.745614 0.173413
0.746349 0.555743
0.748517 0.054517
0.751952 -0.564106
0.775945 0.477001
0.777352 -0.372804
0.780244 0.356058
0.782468 -0.245774
0.783457 0.631217
0.789258 0.232485
0.794697 -0.125507
0.799235 -0.004597
0.800293 0.113087
0.802429 -0.619617
0.807551 -0.509712
0.826735 -0.306477
0.827397 0.526627
0.828803 -0.430269
0.829716 0.414500
0.833316 0.293247
0.845709 -0.064737
0.849485 -0.183659
0.851958 0.586864
0.852290 0.170452
0.856372 0.054478
0.867284 -0.575936
0.876575 -0.366276
0.880494 -0.242275
0.882632 0.354338
0.882701 0.469492
0.886264 -0.476360
0.889371 0.229513
0.900147 -0.125661
0.904992 -0.002915
0.908034 0.110859
0.923762 0.531902
0.926005 -0.306090
0.926515 -0.529588
0.932183 0.292487
0.935973 -0.416574
0.936414 0.413664
0.945043 -0.062627
0.960779 0.167043
0.961914 -0.184026
0.968801 0.053346
0.972313 -0.245943
0.984164 0.228170
0.985003 0.355440
0.985111 -0.358028
0.985660 0.475314
0.988607 -0.472353
1.002674 -0.123772
1.012189 -0.001149
1.016280 0.105998
1.028343 0.294833
1.032569 -0.296785
1.039710 -0.062196
1.040241 0.415449
1.042300 -0.412953
1.061038 -0.226675
1.068133 0.168869
1.071831 0.232055
1.076583 -0.165284
1.087468 0.352333
1.089371 -0.349486
1.089948 0.043584
1.110323 0.107003
1.110474 -0.100432
1.117088 -0.022783
1.127140 0.285952
1.129886 -0.280677
1.159705 0.214137
1.160642 -0.211675
1.180609 0.149206
1.182168 -0.143128
1.195158 0.074784
1.196091 -0.067208
1.199942 0.008168
