-0.999221 0.039463
-0.997628 -0.068841
-0.985661 -0.168736
-0.965737 -0.259523
-0.933110 -0.359590
-0.893483 -0.449097
-0.846967 -0.531645
-0.794538 -0.607215
-0.737252 -0.675618
-0.675803 -0.737083
-0.607916 -0.794002
-0.547035 -0.837110
-0.480521 -0.876983
-0.407993 -0.912985
-0.342883 -0.939378
-0.268483 -0.963284
-0.197748 -0.980253
-0.127394 -0.991852
-0.057079 -0.998370
0.013117 -0.999914
0.082987 -0.996551
0.152394 -0.988320
0.221551 -0.975149
0.293284 -0.956026
0.355565 -0.934652
0.422128 -0.906536
0.480469 -0.877012
0.539625 -0.841906
0.596919 -0.802302
0.654283 -0.756250
0.708985 -0.705224
0.768991 -0.639260
0.823352 -0.567531
0.873223 -0.487321
0.917970 -0.396650
0.953182 -0.302398
0.978538 -0.206067
0.995260 -0.097253
0.999930 0.011845
0.994129 0.108200
0.976675 0.214721
0.952091 0.305815
0.914881 0.403724
0.871152 0.491014
0.821223 0.570607
0.766079 0.642746
0.706475 0.707738
0.640606 0.767870
0.580669 0.814139
0.511737 0.859142
0.449949 0.893054
0.379121 0.925347
0.315671 0.948869
0.243085 0.970005
0.174596 0.984640
0.110272 0.993901
0.035907 0.999355
-0.035361 0.999375
-0.106714 0.994290
-0.178822 0.983881
-0.241177 0.970481
-0.301628 0.953426
-0.364893 0.931050
-0.425897 0.904772
-0.494606 0.869117
-0.556548 0.830816
-0.625617 0.780130
-0.689292 0.724484
-0.749783 0.661684
-0.806396 0.591377
-0.857982 0.513680
-0.903264 0.429085
-0.941056 0.338250
-0.970388 0.241553
-0.990814 0.135232
