-1.116070 0.029259
-1.114849 -0.051074
-1.109606 0.100547
-1.105623 -0.125632
-1.093683 0.180756
-1.090023 -0.194456
-1.070294 0.255391
-1.063840 -0.272182
-1.044211 -0.009054
-1.039211 0.327712
-1.033281 0.128361
-1.030992 -0.344002
-1.025802 -0.080343
-1.018095 0.058947
-1.009167 -0.214519
-1.004021 0.198246
-1.000545 0.397642
-0.998174 -0.146001
-0.990907 -0.412872
-0.976090 0.266411
-0.971044 -0.282056
-0.962227 -0.011578
-0.954576 0.464672
-0.952321 0.125866
-0.943723 -0.478719
-0.942204 0.333176
-0.934482 -0.347746
-0.933083 -0.080878
-0.925475 -0.209286
-0.922436 0.056740
-0.917005 0.196636
-0.901773 0.397930
-0.901746 0.528198
-0.892719 -0.143899
-0.892639 -0.411379
-0.889714 -0.541162
-0.883775 0.265149
-0.880904 -0.277811
-0.874231 -0.012128
-0.866760 0.125881
-0.855001 0.459939
-0.845781 0.331285
-0.845125 -0.472394
-0.842520 0.587736
-0.839075 -0.344136
-0.836499 -0.078777
-0.833863 -0.209200
-0.828892 -0.600069
-0.828751 0.056826
-0.827742 0.195781
-0.802526 0.518654
-0.801976 0.394921
-0.793246 -0.408042
-0.792746 -0.530783
-0.791975 -0.143214
-0.790140 0.263444
-0.787394 -0.276347
-0.782424 -0.010743
-0.778079 0.125957
-0.777062 0.643129
-0.758356 -0.657334
-0.752346 0.456056
-0.748484 0.328728
-0.745286 0.574121
-0.742801 -0.470395
-0.742243 -0.341944
-0.740057 -0.077157
-0.739494 -0.208858
-0.739200 -0.591195
-0.736403 0.194701
-0.735189 0.057603
-0.702609 0.696037
-0.701758 0.391796
-0.697540 0.515360
-0.695233 0.261449
-0.694227 -0.406223
-0.693860 -0.142495
-0.692142 -0.275143
-0.692103 -0.702775
-0.691387 -0.535769
-0.688909 -0.009644
-0.686872 0.125914
-0.686565 0.631029
-0.659821 -0.617984
-0.650620 0.326148
-0.650315 0.453446
-0.645211 -0.472198
-0.645115 -0.340678
-0.644022 -0.208303
-0.643985 -0.076060
-0.643231 0.193517
-0.641283 0.058070
-0.641049 0.577278
-0.632808 0.737847
-0.616482 -0.746683
-0.604868 0.658097
-0.604415 -0.545802
-0.603037 -0.670175
-0.602066 0.389471
-0.599354 0.259478
-0.597437 -0.406815
-0.597022 0.517230
-0.596959 -0.141878
-0.596204 -0.274403
-0.594488 -0.008946
-0.593868 0.125569
-0.556897 -0.605504
-0.553016 -0.476166
-0.552831 0.324032
-0.552432 0.591558
-0.552206 0.778361
-0.551574 0.453878
-0.548933 -0.340760
-0.548696 0.192307
-0.548199 -0.207913
-0.548125 -0.075383
-0.546836 0.058218
-0.544174 0.711755
-0.535571 -0.718822
-0.530629 -0.787955
-0.505986 -0.539448
-0.504702 0.523649
-0.504432 0.388668
-0.502972 -0.408362
-0.502969 0.257873
-0.500664 -0.141512
-0.500538 0.654358
-0.500475 -0.274369
-0.499592 0.125084
-0.499524 -0.008586
-0.496951 -0.660611
-0.478090 0.809294
-0.457288 0.455605
-0.456181 0.731746
-0.455826 0.322955
-0.455735 -0.473243
-0.455613 0.589002
-0.453706 -0.341339
-0.453298 0.191326
-0.453218 -0.599166
-0.452496 -0.207877
-0.452386 -0.075050
-0.451877 0.058169
-0.450695 -0.819342
-0.449199 -0.734839
-0.409986 0.659847
-0.409598 0.520503
-0.408694 0.388768
-0.406624 0.256982
-0.406312 -0.407028
-0.405484 -0.536042
-0.405064 -0.274596
-0.404773 -0.141425
-0.404514 0.124652
-0.404245 -0.008465
-0.403306 -0.667210
-0.398883 0.836440
-0.382221 -0.780330
-0.379849 0.777680
-0.363982 0.586699
-0.361151 0.453533
-0.359568 0.322631
-0.357552 0.190774
-0.357520 -0.340740
-0.357259 -0.471589
-0.356960 -0.207979
-0.356757 -0.074962
-0.356570 0.058051
-0.356437 -0.848676
-0.355991 -0.602132
-0.352725 0.718122
-0.344050 -0.722809
-0.321294 0.857653
-0.314918 0.646333
-0.314454 0.518382
-0.311967 0.387625
-0.310471 0.256661
-0.309220 -0.274347
-0.309117 -0.141454
-0.309098 -0.406306
-0.309059 0.124396
-0.308819 -0.008472
-0.308023 -0.537495
-0.300839 -0.663323
-0.292310 -0.795157
-0.288446 0.791800
-0.266414 0.709195
-0.266091 0.579872
-0.264504 -0.870037
-0.264414 0.452369
-0.262854 0.322073
-0.261738 0.190556
-0.261275 -0.207887
-0.261203 -0.074965
-0.261123 -0.340464
-0.261106 0.057956
-0.260282 -0.472462
-0.256014 -0.601687
-0.250066 -0.733833
-0.239606 0.874664
-0.218050 0.641730
-0.215835 0.515280
-0.214856 0.387201
-0.214133 0.256373
-0.213484 -0.141413
-0.213482 0.124277
-0.213345 -0.008496
-0.213319 -0.274262
-0.212722 -0.406884
-0.210298 0.757987
-0.210068 -0.538239
-0.205892 -0.671307
-0.204991 -0.810052
-0.188642 0.821485
-0.171292 -0.884924
-0.167041 0.577763
-0.166069 0.321945
-0.165954 0.451357
-0.165816 0.190381
-0.165665 -0.074942
-0.165617 -0.207871
-0.165591 0.057917
-0.165235 -0.340834
-0.163976 0.696687
-0.163629 -0.473400
-0.160925 -0.607215
-0.159613 -0.745169
-0.143639 0.888083
-0.118679 0.762405
-0.117929 -0.141414
-0.117855 -0.008483
-0.117852 0.256277
-0.117814 0.124209
-0.117728 -0.274482
-0.117187 0.387029
-0.116848 -0.407612
-0.116404 0.515085
-0.116266 -0.820124
-0.115156 -0.541808
-0.114954 0.636390
-0.114080 -0.679127
-0.091084 0.827941
-0.076978 -0.893392
-0.070187 -0.074936
-0.070153 -0.208008
-0.070046 0.057927
-0.069896 0.190361
-0.069765 -0.341288
-0.069387 -0.752007
-0.069281 0.321886
-0.068841 -0.475469
-0.068223 -0.612052
-0.067451 0.451933
-0.066689 0.699985
-0.064701 0.576838
-0.047709 0.894705
-0.026522 -0.824671
-0.025406 0.765660
-0.022841 -0.682931
-0.022522 -0.141498
-0.022406 -0.274773
-0.022401 -0.008452
-0.022144 0.124262
-0.022048 -0.408680
-0.021827 -0.544345
-0.021601 0.256343
-0.019981 0.387393
-0.016061 0.516203
-0.014562 0.640938
0.002290 0.830957
0.017703 -0.895410
0.020979 -0.753573
0.023987 -0.613444
0.025075 -0.476550
0.025130 -0.208217
0.025163 -0.341885
0.025171 -0.074944
0.025455 0.058007
0.025976 0.190514
0.027229 0.322292
0.030428 0.452734
0.031618 0.706702
0.035280 0.582435
0.048441 0.894679
0.063318 -0.823487
0.068476 -0.682097
0.071273 0.772302
0.071399 -0.544309
0.072437 -0.409248
0.072627 -0.275196
0.072710 -0.141581
0.072959 -0.008382
0.073446 0.124434
0.074418 0.256788
0.076818 0.388311
0.081050 0.519338
0.084949 0.651584
0.096347 0.834671
0.111449 -0.749872
0.111826 -0.891021
0.116647 -0.611360
0.119373 -0.476453
0.119970 -0.342422
0.120169 -0.208408
0.120386 -0.074920
0.120855 0.058177
0.121626 0.190892
0.123318 0.323263
0.126731 0.455222
0.130616 0.587936
0.131515 0.724548
0.148419 0.887577
0.152315 -0.816760
0.160468 -0.677246
0.165827 -0.543002
0.167311 -0.409733
0.167417 -0.275430
0.167766 -0.141621
0.168189 -0.008243
0.168863 0.124761
0.169978 0.257541
0.172366 0.802724
0.172517 0.390520
0.176237 0.523487
0.177568 0.658696
0.202322 -0.741698
0.204586 -0.880364
0.211367 -0.608413
0.214601 -0.342603
0.214826 -0.476940
0.215068 -0.208472
0.215443 -0.074807
0.216101 0.058428
0.216957 0.191483
0.218384 0.324790
0.220193 0.730870
0.221725 0.459017
0.224417 0.592880
0.234024 0.875635
0.240015 -0.805174
0.255382 -0.672205
0.259151 0.799657
0.262014 -0.409827
0.262092 -0.275480
0.262525 -0.543959
0.262674 -0.141491
0.263292 -0.008027
0.264026 0.125153
0.264876 0.258628
0.266720 0.392994
0.270047 0.662055
0.270738 0.528855
0.295674 -0.863560
0.296516 -0.733897
0.309140 -0.342724
0.309854 -0.208227
0.309873 -0.476939
0.310026 -0.611047
0.310391 -0.074583
0.311203 0.058721
0.311828 0.192078
0.312500 0.326527
0.312739 0.727532
0.314950 0.462211
0.319595 0.599674
0.323680 0.857076
0.329934 -0.793565
0.349107 0.788052
0.356476 -0.275081
0.356734 -0.410240
0.356817 -0.679204
0.357553 -0.141163
0.357946 -0.543725
0.358314 -0.007750
0.358966 0.125491
0.359020 0.259394
0.359952 0.395371
0.363252 0.532025
0.368684 0.670740
0.388225 -0.839659
0.400167 -0.750919
0.403063 -0.342232
0.404709 -0.207710
0.404890 -0.610035
0.405301 -0.074154
0.405327 -0.478008
0.405560 0.327315
0.406250 0.058933
0.406441 0.192309
0.407630 0.465102
0.412003 0.601377
0.416284 0.743602
0.416587 0.830871
0.448773 -0.675664
0.450383 -0.409622
0.450720 -0.274448
0.451845 0.395810
0.452442 -0.140491
0.452764 0.259342
0.453436 -0.007267
0.453871 0.125296
0.454800 -0.546085
0.456380 0.535493
0.460029 0.669029
0.466523 -0.813625
0.487501 -0.736506
0.495524 0.802522
0.496749 -0.341798
0.498167 0.326875
0.498411 0.464485
0.498959 -0.476789
0.499650 -0.206723
0.500218 -0.073172
0.501016 0.191267
0.501727 0.058992
0.503196 0.731138
0.503301 -0.615109
0.507413 0.606586
0.543618 0.394886
0.544259 -0.409710
0.544424 -0.273351
0.545819 0.532612
0.545994 0.257043
0.547258 -0.138858
0.547731 -0.780393
0.548205 -0.542581
0.549115 -0.006526
0.549434 0.124429
0.551572 -0.685449
0.561812 0.678213
0.580771 0.764874
0.589386 -0.341143
0.589572 0.322926
0.590042 0.463087
0.593584 -0.605114
0.594484 -0.204023
0.594679 -0.477593
0.594862 0.598304
0.595491 -0.071686
0.596561 0.189053
0.598305 0.058880
0.616580 -0.746630
0.633259 0.388375
0.635512 -0.660655
0.636339 -0.269335
0.636850 -0.409992
0.638930 0.531016
0.639887 0.253416
0.642700 -0.136567
0.644553 0.656539
0.645829 -0.005697
0.646311 0.123085
0.648714 -0.543927
0.652389 0.726796
0.677395 0.452168
0.678637 -0.335413
0.682070 0.318185
0.683928 -0.707903
0.689336 -0.479452
0.690803 -0.200296
0.691324 -0.070261
0.693835 0.186355
0.694519 0.597216
0.696537 0.058586
0.699733 -0.606204
0.722060 0.512598
0.723369 -0.400625
0.726060 0.382629
0.728130 -0.264116
0.729050 0.678323
0.734448 0.249834
0.739510 -0.134873
0.743733 -0.004940
0.744717 0.121526
0.746705 -0.665857
0.751471 -0.547751
0.769323 -0.329348
0.769939 0.565928
0.771247 -0.462378
0.772097 0.445433
0.775447 0.315131
0.786979 -0.069568
0.790493 -0.197365
0.792794 0.630660
0.793103 0.183173
0.796902 0.058544
0.807056 -0.618917
0.815701 -0.393610
0.819349 -0.260355
0.821338 0.380781
0.821402 0.504529
0.824718 -0.511910
0.827609 0.246640
0.837637 -0.135039
0.842145 -0.003133
0.844976 0.119132
0.859612 0.571597
0.861699 -0.328933
0.862174 -0.569110
0.867448 0.314315
0.870975 -0.447662
0.871385 0.444534
0.879415 -0.067301
0.894059 0.179509
0.895115 -0.197760
0.901524 0.057327
0.904791 -0.264297
0.915820 0.245198
0.916600 0.381965
0.916701 -0.384747
0.917212 0.510785
0.919954 -0.507603
0.933044 -0.133009
0.941899 -0.001234
0.945705 0.113908
0.956930 0.316836
0.960862 -0.318933
0.967508 -0.066838
0.968002 0.446452
0.969918 -0.443770
0.987355 -0.243591
0.993958 0.181471
0.997399 0.249373
1.001821 -0.177618
1.011949 0.378626
1.013721 -0.375567
1.014257 0.046837
1.033217 0.114988
1.033358 -0.107927
1.039513 -0.024483
1.048867 0.307292
1.051422 -0.301623
1.079170 0.230117
1.080042 -0.227472
1.098622 0.160341
1.100073 -0.153809
1.112161 0.080365
1.113029 -0.072223
1.116613 0.008777
