-0.998083 0.061890
-0.994190 -0.107637
-0.965689 -0.259700
-0.921277 -0.388907
-0.855406 -0.517958
-0.784425 -0.620224
-0.711306 -0.702882
-0.638972 -0.769230
-0.569251 -0.822163
-0.502742 -0.864437
-0.436646 -0.899633
-0.382574 -0.923925
-0.328005 -0.944676
-0.272399 -0.962184
-0.225263 -0.974298
-0.173862 -0.984770
-0.126730 -0.991937
-0.081070 -0.996708
-0.036181 -0.999345
0.008307 -0.999965
0.052659 -0.998613
0.097183 -0.995267
0.142425 -0.989806
0.190708 -0.981647
0.234219 -0.972184
0.282857 -0.959162
0.327786 -0.944752
0.376170 -0.926551
0.426373 -0.904548
0.480754 -0.876856
0.537566 -0.843221
0.606832 -0.794830
0.677571 -0.735457
0.751486 -0.659749
0.827259 -0.561821
0.894997 -0.446073
0.949492 -0.313791
0.988474 -0.151390
0.999827 0.018622
0.985730 0.168334
0.945257 0.326326
0.892755 0.450541
0.821700 0.569921
0.748152 0.663527
0.674637 0.738150
0.603284 0.797527
0.535036 0.844829
0.467562 0.883960
0.411906 0.911226
0.353100 0.935586
0.304059 0.952653
0.251192 0.967937
0.206172 0.978516
0.156758 0.987637
0.111577 0.993756
0.070082 0.997541
0.022750 0.999741
-0.022402 0.999749
-0.067814 0.997698
-0.114330 0.993443
-0.155421 0.987848
-0.196406 0.980523
-0.240865 0.970559
-0.285731 0.958310
-0.339179 0.940722
-0.390792 0.920479
-0.453274 0.891371
-0.516673 0.856183
-0.583801 0.811897
-0.654555 0.756015
-0.727791 0.685799
-0.801113 0.598513
-0.870708 0.491800
-0.931432 0.363916
-0.977825 0.209425
