300 285 271
48 43 36
406 425 429
285 300 299
184 172 185
271 285 272
528 527 530
539 537 530
518 527 514
516 525 519
501 499 512
476 487 492
372 383 385
342 363 366
363 368 366
167 155 153
155 142 153
186 200 173
175 188 174
174 188 187
306 292 305
254 240 255
338 325 324
309 310 296
337 335 350
509 516 519
13 9 4
3 11 5
417 402 394
394 406 417
406 429 417
345 330 328
330 315 328
405 425 406
417 429 426
435 426 429
453 437 435
442 429 425
119 95 120
119 120 145
145 120 144
98 95 119
371 381 384
380 367 353
124 113 108
169 185 172
158 169 172
158 144 169
156 145 158
158 145 144
199 185 189
313 314 299
300 313 299
314 313 326
298 284 287
339 342 366
454 431 450
539 530 538
536 538 529
529 538 530
525 516 523
492 499 501
512 510 501
499 492 487
465 476 459
402 384 394
417 411 402
386 402 395
411 417 426
317 318 304
467 456 459
446 459 456
483 472 469
472 460 469
274 289 276
304 291 290
288 289 274
316 315 330
184 185 199
441 439 451
451 439 449
461 473 464
413 398 412
413 400 398
400 385 398
424 439 427
413 427 415
424 427 413
388 385 400
385 388 374
374 388 375
392 368 379
190 176 191
204 217 203
218 217 235
363 342 351
200 210 214
229 228 214
214 228 200
242 228 229
187 186 171
171 174 187
187 188 201
201 202 216
216 240 224
237 255 240
216 237 240
254 255 269
201 216 224
224 210 201
240 254 229
240 229 224
360 361 348
389 388 401
361 360 375
360 374 375
389 375 388
376 375 389
294 279 293
307 321 308
333 320 319
333 347 348
307 294 293
262 277 278
292 306 293
292 293 278
323 321 335
321 323 308
295 294 308
308 294 307
335 321 334
348 361 349
320 321 307
348 349 334
334 349 335
269 255 268
296 310 297
269 283 282
297 283 296
337 323 335
338 324 337
352 351 338
364 365 352
338 337 352
323 337 324
309 324 310
309 323 324
509 519 511
391 392 379
379 368 363
352 365 351
342 336 351
365 379 363
365 363 351
391 379 378
404 392 391
378 379 365
410 422 418
403 390 397
391 390 403
390 391 378
434 433 443
457 455 443
443 448 457
25 27 19
66 78 68
76 78 66
1 2 9
2 4 9
18 13 6
6 13 4
59 58 71
39 46 49
118 110 127
83 94 72
94 83 96
357 343 345
330 345 343
344 343 355
444 435 429
444 442 458
429 442 444
84 98 97
69 61 79
95 98 84
95 84 79
69 79 84
84 80 69
48 61 54
69 54 61
69 65 54
69 80 65
381 405 394
406 394 405
394 384 381
381 371 367
371 354 367
381 367 380
380 405 381
354 353 367
340 354 341
353 354 340
326 327 340
327 313 300
327 326 313
353 340 327
194 193 205
166 167 153
178 193 179
178 179 166
153 141 152
166 179 167
208 193 195
178 195 193
180 195 178
138 124 136
150 164 152
238 243 249
189 185 169
189 213 199
256 228 242
258 270 256
256 270 284
366 368 393
393 392 407
368 392 393
312 284 298
336 339 322
322 312 298
339 312 322
339 336 342
325 336 322
484 491 497
470 463 478
438 422 434
447 463 450
438 447 450
450 430 438
431 430 450
524 521 532
505 507 513
536 529 534
524 534 529
532 534 524
488 498 489
477 479 488
469 467 477
469 456 467
526 521 517
532 521 526
522 515 527
528 537 535
530 537 528
506 504 496
506 495 503
514 527 515
514 515 506
494 483 489
472 483 482
500 502 490
480 481 490
490 502 491
485 474 486
486 495 496
495 506 496
473 482 486
510 512 520
510 507 498
510 498 501
488 501 498
510 520 517
526 517 520
437 426 435
453 446 437
453 459 446
420 411 426
437 432 420
420 426 437
479 476 492
479 459 476
479 467 459
477 467 479
492 488 479
492 501 488
317 331 318
304 290 303
420 421 408
432 421 420
437 446 432
446 445 432
460 456 469
456 460 445
445 446 456
436 432 445
408 421 412
505 494 489
477 483 469
483 477 489
489 477 488
274 264 265
316 317 303
303 317 304
303 302 316
330 343 329
330 329 316
316 302 315
329 317 316
302 303 289
238 241 227
199 213 212
241 238 249
213 215 227
227 241 226
198 184 199
213 227 212
212 227 226
259 252 249
291 277 275
291 275 290
304 318 305
275 260 261
276 290 275
260 245 261
261 245 248
245 234 248
449 461 451
436 439 424
461 460 472
460 461 449
390 387 397
387 390 377
397 409 410
410 403 397
423 433 419
419 410 409
409 397 399
397 387 399
401 388 400
400 413 415
415 401 400
372 374 359
372 385 374
416 431 407
407 392 416
416 430 431
418 430 416
416 392 404
129 114 117
106 117 114
116 117 105
143 142 155
168 167 182
167 168 155
59 70 56
106 114 100
75 70 82
92 106 91
91 106 100
181 192 177
281 283 268
268 283 269
253 255 237
255 253 268
204 206 219
204 203 191
191 192 204
191 177 192
232 233 247
217 204 219
217 219 232
175 174 160
176 161 162
133 123 135
125 114 129
139 154 149
143 154 139
92 90 105
67 71 58
141 142 126
142 141 153
34 47 46
210 200 186
186 187 210
187 201 210
229 214 224
210 224 214
282 297 287
258 254 269
283 297 282
307 293 306
334 333 348
306 319 320
320 307 306
333 334 320
320 334 321
263 278 279
279 278 293
263 279 266
350 349 362
350 335 349
362 377 364
362 376 377
350 352 337
377 390 378
364 377 378
378 365 364
350 362 364
364 352 350
480 490 491
484 478 491
511 502 509
497 502 511
497 491 502
311 297 310
325 322 311
338 351 336
338 336 325
325 310 324
325 311 310
404 403 418
404 391 403
430 422 438
418 403 410
418 416 404
422 430 418
45 53 57
53 66 57
45 35 43
38 35 45
19 27 21
25 35 27
43 48 54
53 45 43
35 25 36
35 36 43
54 53 43
54 65 53
89 78 88
104 89 88
15 18 6
82 71 81
92 91 82
105 106 92
105 117 106
92 81 90
82 81 92
28 29 34
22 18 28
40 39 49
63 73 62
75 85 73
62 52 63
100 85 91
75 91 85
82 91 75
56 70 63
75 63 70
73 63 75
146 160 171
160 174 171
127 122 137
122 127 110
160 146 147
137 134 127
118 111 96
96 110 118
74 73 86
73 74 62
112 110 102
102 86 99
93 86 102
112 122 110
74 83 64
83 74 93
74 86 93
93 102 96
102 110 96
96 83 93
64 72 60
44 51 60
64 83 72
370 357 373
373 357 358
373 384 386
384 402 386
369 370 382
395 396 382
382 396 383
475 465 458
453 435 444
453 444 465
444 458 465
465 459 453
465 475 476
476 475 487
97 87 84
98 107 97
107 98 119
131 107 119
131 121 107
119 145 131
76 65 80
97 101 87
101 97 108
80 84 87
341 345 328
373 371 384
371 373 358
358 357 345
341 328 326
326 340 341
328 314 326
341 358 345
358 354 371
354 358 341
141 128 138
152 166 153
152 141 138
138 150 152
164 166 152
166 164 178
271 257 243
257 249 243
215 238 227
213 189 215
215 243 238
478 463 466
463 447 466
480 491 478
480 478 466
419 422 410
434 447 438
422 419 434
419 433 434
454 450 470
478 484 470
470 450 463
506 515 504
482 495 486
483 494 482
473 461 472
482 473 472
521 524 513
503 494 505
513 524 518
509 508 516
500 508 509
509 502 500
399 401 414
399 389 401
423 428 440
399 414 409
423 409 414
419 409 423
451 461 464
473 486 474
464 473 474
331 317 329
355 356 344
344 356 346
356 355 369
329 343 344
344 331 329
332 331 346
331 344 346
359 356 372
331 332 318
356 359 346
346 359 347
412 396 408
424 413 412
507 521 513
505 489 507
507 517 521
510 517 507
507 489 498
276 264 274
289 303 290
248 264 261
276 289 290
276 261 264
275 261 276
257 259 249
285 299 286
272 257 271
259 257 272
315 314 328
314 315 301
226 241 239
241 249 252
198 212 211
199 212 198
184 183 170
184 198 183
121 124 108
165 150 151
136 150 138
318 332 319
305 291 304
319 306 305
305 318 319
230 245 244
260 244 245
221 223 234
234 230 221
193 208 205
245 230 234
205 208 221
221 220 205
449 445 460
445 449 436
436 449 439
424 412 421
421 432 436
436 424 421
401 415 414
428 414 415
423 414 428
360 359 374
332 333 319
333 332 347
332 346 347
347 359 360
360 348 347
129 130 143
143 139 129
168 154 155
155 154 143
143 130 142
117 130 129
232 219 233
233 246 247
204 192 206
222 233 219
222 219 206
179 182 167
194 179 193
182 179 194
82 70 71
56 50 59
49 58 59
59 71 70
161 148 162
162 148 149
191 176 177
162 177 176
267 268 253
281 295 296
296 283 281
266 250 247
247 263 266
266 279 280
279 294 280
235 217 232
235 232 250
232 247 250
267 266 280
161 160 147
161 175 160
146 137 147
133 137 122
202 201 188
188 190 202
237 216 218
99 85 100
135 123 125
112 123 122
135 148 133
133 122 123
133 147 137
133 148 147
161 147 148
129 139 125
123 109 125
100 114 109
125 109 114
130 126 142
116 130 117
126 130 116
105 90 103
103 116 105
115 116 103
115 128 126
141 126 128
89 104 103
115 104 113
115 103 104
126 116 115
67 81 71
77 81 67
269 282 258
229 254 242
258 242 254
258 256 242
361 362 349
376 362 361
399 387 389
387 377 376
376 389 387
361 375 376
27 35 38
45 47 38
47 45 57
113 104 101
101 104 88
101 108 113
128 124 138
124 128 113
128 115 113
8 15 6
30 28 39
28 30 22
22 9 13
13 18 22
1 9 3
14 24 11
14 22 24
9 22 14
24 22 30
14 11 9
9 11 3
31 20 24
7 5 11
16 24 20
11 24 16
11 16 7
7 16 10
26 20 31
37 50 42
40 50 37
41 52 51
94 96 111
420 408 411
408 396 395
395 411 408
402 411 395
80 87 76
65 66 53
66 65 76
88 78 76
87 88 76
88 87 101
455 466 447
447 434 443
455 447 443
480 466 468
455 468 466
455 457 468
527 528 522
508 504 515
528 533 522
533 528 535
508 515 522
493 504 500
508 500 504
518 524 529
518 530 527
518 529 530
493 500 490
457 471 468
485 493 481
481 493 490
481 468 471
481 480 468
433 423 440
462 471 457
443 433 448
433 440 448
448 462 457
452 462 448
396 412 398
383 372 369
369 382 383
372 356 369
383 398 385
383 396 398
299 301 286
301 299 314
286 272 285
273 272 286
241 252 239
251 239 252
264 251 265
251 252 265
197 209 195
178 164 180
164 150 165
164 165 180
248 234 236
221 208 223
223 208 209
195 209 208
236 251 248
251 264 248
234 223 236
236 223 225
172 170 156
184 170 172
156 158 172
140 131 145
140 145 156
156 151 140
156 170 151
150 136 151
170 183 165
151 170 165
121 136 124
131 140 121
140 136 121
140 151 136
108 97 107
121 108 107
260 275 277
291 305 292
277 262 260
262 244 260
277 292 278
277 291 292
474 462 464
452 464 462
452 448 440
440 441 452
441 428 427
427 428 415
441 427 439
441 440 428
451 464 452
451 452 441
231 233 222
262 278 263
262 263 246
263 247 246
196 206 192
163 154 168
181 177 163
163 168 181
168 182 181
196 181 182
192 181 196
222 206 207
220 207 205
221 230 220
231 230 244
40 49 50
31 24 30
40 37 31
49 59 50
40 30 39
31 30 40
149 148 135
135 139 149
135 125 139
177 162 163
163 162 149
149 154 163
267 281 268
267 250 266
250 253 235
253 250 267
280 294 295
295 281 280
281 267 280
309 308 323
308 309 295
309 296 295
216 202 218
218 203 217
218 235 237
235 253 237
190 175 176
190 188 175
175 161 176
191 203 190
203 202 190
203 218 202
100 109 99
112 102 99
99 109 112
112 109 123
86 85 99
85 86 73
55 67 58
39 28 34
58 49 46
46 55 58
47 55 46
46 39 34
77 67 68
89 103 90
77 89 90
90 81 77
270 258 282
287 297 311
284 270 287
270 282 287
311 322 298
311 298 287
29 38 34
38 47 34
28 18 29
18 15 29
27 38 29
15 8 12
21 29 15
27 29 21
21 12 19
21 15 12
10 16 20
31 37 26
17 20 26
17 10 20
51 64 60
51 52 62
62 74 64
51 62 64
134 132 118
159 146 171
137 146 134
134 118 127
370 369 355
386 395 382
370 355 357
343 357 355
370 373 386
386 382 370
523 522 533
508 522 523
533 531 523
523 531 525
516 508 523
496 493 485
504 493 496
485 486 496
471 462 474
471 474 485
485 481 471
505 513 503
513 518 514
495 482 494
503 495 494
514 506 503
503 513 514
288 286 301
259 265 252
273 265 259
259 272 273
183 198 197
211 212 226
226 225 211
302 301 315
274 265 273
288 273 286
274 273 288
288 302 289
301 302 288
244 246 231
231 246 233
246 244 262
231 220 230
196 194 207
194 205 207
220 231 222
207 220 222
206 196 207
194 196 182
68 55 57
68 67 55
55 47 57
57 66 68
68 78 77
89 77 78
32 26 37
56 63 52
56 52 42
42 50 56
52 41 42
32 42 41
37 42 32
41 33 32
17 26 23
32 23 26
33 23 32
33 41 44
41 51 44
159 134 146
171 186 173
159 171 173
173 157 159
111 118 132
132 134 157
134 159 157
198 211 197
195 180 197
165 183 180
197 180 183
225 223 209
209 211 225
209 197 211
251 236 239
225 239 236
225 226 239
