-0.997487 0.070843
-0.992404 -0.123018
-0.955651 -0.294500
-0.900160 -0.435560
-0.821407 -0.570342
-0.740585 -0.671962
-0.661241 -0.750174
-0.586049 -0.810276
-0.516206 -0.856465
-0.451627 -0.892207
-0.389081 -0.921204
-0.338954 -0.940803
-0.289195 -0.957270
-0.239159 -0.970980
-0.197195 -0.980364
-0.151815 -0.988409
-0.110464 -0.993880
-0.070582 -0.997506
-0.031480 -0.999504
0.007226 -0.999974
0.045825 -0.998949
0.084639 -0.996412
0.124209 -0.992256
0.166644 -0.986017
0.205132 -0.978734
0.248505 -0.968631
0.288965 -0.957340
0.333053 -0.942908
0.379453 -0.925211
0.430589 -0.902548
0.485176 -0.874417
0.553557 -0.832811
0.625799 -0.779984
0.704429 -0.709775
0.788894 -0.614529
0.868258 -0.496113
0.935232 -0.354036
0.984985 -0.172638
0.999772 0.021344
0.981413 0.191909
0.929892 0.367833
0.865556 0.500811
0.782559 0.622576
0.700782 0.713375
0.622750 0.782420
0.550004 0.835162
0.482762 0.875752
0.418138 0.908384
0.366037 0.930600
0.311985 0.950087
0.267560 0.963541
0.220230 0.975448
0.180295 0.983613
0.136782 0.990601
0.097210 0.995264
0.061002 0.998138
0.019793 0.999804
-0.019489 0.999810
-0.059027 0.998256
-0.099616 0.995026
-0.135599 0.990764
-0.171664 0.985156
-0.211032 0.977479
-0.251089 0.967964
-0.299315 0.954154
-0.346527 0.938040
-0.404683 0.914457
-0.464995 0.885314
-0.530589 0.847629
-0.602002 0.798494
-0.678824 0.734301
-0.759226 0.650827
-0.839331 0.543620
-0.912730 0.408564
-0.971213 0.238214
