-1.499199 0.021782
-1.497558 -0.038022
-1.490515 0.074851
-1.485166 -0.093526
-1.469127 0.134563
-1.464210 -0.144762
-1.437708 0.190125
-1.429039 -0.202624
-1.402671 -0.006740
-1.395955 0.243963
-1.387990 0.095558
-1.384915 -0.256090
-1.377942 -0.059811
-1.367590 0.043883
-1.355597 -0.159698
-1.348685 0.147583
-1.344015 0.296022
-1.340830 -0.108689
-1.331069 -0.307360
-1.311166 0.198328
-1.304387 -0.209975
-1.292543 -0.008619
-1.282267 0.345923
-1.279237 0.093700
-1.267687 -0.356379
-1.265647 0.248031
-1.255275 -0.258878
-1.253395 -0.060209
-1.243175 -0.155801
-1.239093 0.042240
-1.231798 0.146385
-1.211337 0.296237
-1.211301 0.393214
-1.199175 -0.107125
-1.199068 -0.306249
-1.195138 -0.402865
-1.187161 0.197389
-1.183303 -0.206815
-1.174341 -0.009029
-1.164304 0.093711
-1.148509 0.342399
-1.136123 0.246623
-1.135243 -0.351671
-1.131744 0.437537
-1.127116 -0.256190
-1.123655 -0.058645
-1.120114 -0.155738
-1.113437 -0.446718
-1.113247 0.042304
-1.111892 0.145748
-1.078021 0.386109
-1.077281 0.293997
-1.065554 -0.303765
-1.064883 -0.395138
-1.063847 -0.106615
-1.061382 0.196119
-1.057694 -0.205725
-1.051018 -0.007997
-1.045181 0.093768
-1.043815 0.478774
-1.018687 -0.489349
-1.010614 0.339508
-1.005427 0.244720
-1.001131 0.427401
-0.997792 -0.350183
-0.997043 -0.254559
-0.994107 -0.057439
-0.993351 -0.155483
-0.992956 -0.440112
-0.989198 0.144944
-0.987568 0.042882
-0.943803 0.518161
-0.942661 0.291671
-0.936994 0.383657
-0.933895 0.194634
-0.932544 -0.302411
-0.932051 -0.106080
-0.929743 -0.204828
-0.929690 -0.523177
-0.928728 -0.398851
-0.925400 -0.007180
-0.922664 0.093736
-0.922252 0.469766
-0.886327 -0.460055
-0.873967 0.242799
-0.873558 0.337565
-0.866701 -0.351525
-0.866572 -0.253616
-0.865104 -0.155070
-0.865055 -0.056623
-0.864042 0.144063
-0.861425 0.043230
-0.861111 0.429751
-0.850040 0.549286
-0.828110 -0.555864
-0.812509 0.489917
-0.811901 -0.406320
-0.810050 -0.498908
-0.808746 0.289939
-0.805102 0.193167
-0.802528 -0.302851
-0.801970 0.385049
-0.801885 -0.105620
-0.800871 -0.204278
-0.798565 -0.006660
-0.797733 0.093479
-0.748071 -0.450764
-0.742857 -0.354479
-0.742609 0.241223
-0.742073 0.440382
-0.741769 0.579447
-0.740920 0.337887
-0.737372 -0.253677
-0.737054 0.143162
-0.736386 -0.154779
-0.736288 -0.056118
-0.734555 0.043340
-0.730980 0.529862
-0.719423 -0.535123
-0.712786 -0.586589
-0.679682 -0.401589
-0.677959 0.389828
-0.677595 0.289342
-0.675634 -0.304003
-0.675631 0.191972
-0.672534 -0.105348
-0.672364 0.487133
-0.672279 -0.204252
-0.671094 0.093118
-0.671003 -0.006392
-0.667546 -0.491788
-0.642211 0.602475
-0.614268 0.339173
-0.612780 0.544744
-0.612304 0.240422
-0.612181 -0.352303
-0.612018 0.438479
-0.609456 -0.254108
-0.608908 0.142432
-0.608801 -0.446045
-0.607831 -0.154753
-0.607683 -0.055870
-0.606999 0.043303
-0.605411 -0.609955
-0.603402 -0.547047
-0.550727 0.491220
-0.550206 0.387486
-0.548992 0.289416
-0.546211 0.191309
-0.545792 -0.303010
-0.544680 -0.399053
-0.544116 -0.204422
-0.543725 -0.105283
-0.543377 0.092797
-0.543015 -0.006302
-0.541754 -0.496701
-0.535813 0.622683
-0.513431 -0.580912
-0.510246 0.578940
-0.488931 0.436765
-0.485128 0.337630
-0.483002 0.240181
-0.480294 0.142021
-0.480251 -0.253662
-0.479900 -0.351072
-0.479499 -0.154829
-0.479226 -0.055805
-0.478974 0.043216
-0.478797 -0.631792
-0.478197 -0.448254
-0.473810 0.534602
-0.462156 -0.538091
-0.431589 0.638475
-0.423025 0.481159
-0.422401 0.385907
-0.419060 0.288565
-0.417051 0.191070
-0.415370 -0.204236
-0.415231 -0.105304
-0.415206 -0.302472
-0.415154 0.092606
-0.414831 -0.006307
-0.413762 -0.400135
-0.404112 -0.493807
-0.392655 -0.591950
-0.387465 0.589451
-0.357869 0.527956
-0.357435 0.431682
-0.355304 -0.647694
-0.355183 0.336763
-0.353087 0.239766
-0.351588 0.141858
-0.350966 -0.154760
-0.350870 -0.055807
-0.350763 -0.253457
-0.350739 0.043145
-0.349633 -0.351722
-0.343900 -0.447922
-0.335909 -0.546298
-0.321859 0.651139
-0.292904 0.477732
-0.289928 0.383598
-0.288612 0.288250
-0.287642 0.190856
-0.286770 -0.105274
-0.286767 0.092517
-0.286582 -0.006325
-0.286547 -0.204173
-0.285746 -0.302903
-0.282490 0.564279
-0.282181 -0.400689
-0.276571 -0.499751
-0.275361 -0.603039
-0.253400 0.611550
-0.230094 -0.658777
-0.224383 0.430112
-0.223077 0.239670
-0.222923 0.336010
-0.222738 0.141728
-0.222535 -0.055790
-0.222470 -0.154748
-0.222436 0.043116
-0.221957 -0.253732
-0.220266 0.518645
-0.219800 -0.352420
-0.216168 -0.452038
-0.214405 -0.554737
-0.192948 0.661128
-0.159420 0.567568
-0.158412 -0.105275
-0.158313 -0.006315
-0.158308 0.190784
-0.158257 0.092467
-0.158142 -0.204336
-0.157416 0.288122
-0.156961 -0.303445
-0.156363 0.383452
-0.156178 -0.610536
-0.154687 -0.403346
-0.154415 0.473757
-0.153242 -0.505572
-0.122352 0.616356
-0.103403 -0.665081
-0.094281 -0.055786
-0.094235 -0.154850
-0.094092 0.043123
-0.093890 0.141713
-0.093714 -0.254070
-0.093207 -0.559827
-0.093064 0.239626
-0.092473 -0.353960
-0.091643 -0.455639
-0.090605 0.336439
-0.089582 0.521100
-0.086911 0.429424
-0.064086 0.666058
-0.035626 -0.613922
-0.034127 0.569992
-0.030682 -0.508404
-0.030253 -0.105337
-0.030097 -0.204553
-0.030091 -0.006292
-0.029745 0.092506
-0.029617 -0.304240
-0.029319 -0.405234
-0.029016 0.190833
-0.026841 0.288392
-0.021574 0.384285
-0.019561 0.477143
0.003076 0.618602
0.023780 -0.666583
0.028180 -0.560994
0.032221 -0.456675
0.033682 -0.354765
0.033756 -0.155006
0.033801 -0.254515
0.033812 -0.055792
0.034193 0.043183
0.034893 0.141827
0.036577 0.239928
0.040873 0.337035
0.042471 0.526101
0.047391 0.433591
0.065070 0.666039
0.085054 -0.613040
0.091983 -0.507783
0.095740 0.574936
0.095909 -0.405208
0.097303 -0.304662
0.097559 -0.204868
0.097670 -0.105399
0.098005 -0.006240
0.098659 0.092634
0.099965 0.191164
0.103188 0.289076
0.108872 0.386618
0.114111 0.485068
0.129421 0.621366
0.149708 -0.558238
0.150214 -0.663315
0.156690 -0.455123
0.160352 -0.354693
0.161154 -0.254914
0.161421 -0.155148
0.161713 -0.055774
0.162343 0.043309
0.163379 0.142109
0.165651 0.240651
0.170236 0.338887
0.175454 0.437686
0.176662 0.539386
0.199368 0.660752
0.204603 -0.608033
0.215553 -0.504172
0.222753 -0.404235
0.224746 -0.305024
0.224889 -0.205042
0.225357 -0.105429
0.225926 -0.006137
0.226831 0.092877
0.228328 0.191725
0.231536 0.597584
0.231739 0.290720
0.236736 0.389707
0.238525 0.490362
0.271776 -0.552153
0.274818 -0.655382
0.283925 -0.452930
0.288271 -0.255049
0.288572 -0.355055
0.288897 -0.155196
0.289401 -0.055689
0.290285 0.043496
0.291435 0.142549
0.293352 0.241788
0.295782 0.544092
0.297840 0.341712
0.301455 0.441366
0.314361 0.651862
0.322408 -0.599407
0.343050 -0.500419
0.348113 0.595300
0.351959 -0.305093
0.352063 -0.205080
0.352645 -0.404947
0.352845 -0.105332
0.353676 -0.005975
0.354661 0.093170
0.355804 0.192534
0.358281 0.292562
0.362750 0.492863
0.363677 0.393703
0.397173 -0.642872
0.398305 -0.546346
0.415262 -0.255139
0.416221 -0.155013
0.416247 -0.355054
0.416453 -0.454890
0.416943 -0.055523
0.418034 0.043715
0.418874 0.142992
0.419776 0.243081
0.420098 0.541607
0.423067 0.344090
0.429306 0.446424
0.434795 0.638045
0.443194 -0.590765
0.468949 0.586661
0.478848 -0.204782
0.479195 -0.305401
0.479306 -0.505630
0.480295 -0.105088
0.480823 -0.404773
0.481317 -0.005770
0.482193 0.093421
0.482266 0.193105
0.483518 0.294332
0.487951 0.396063
0.495247 0.499329
0.521497 -0.625079
0.537537 -0.559018
0.541428 -0.254773
0.543640 -0.154629
0.543882 -0.454137
0.544434 -0.055204
0.544469 -0.355850
0.544782 0.243668
0.545708 0.043872
0.545966 0.143163
0.547563 0.346243
0.553436 0.447692
0.559188 0.553570
0.559595 0.618537
0.602830 -0.502994
0.604992 -0.304941
0.605445 -0.204312
0.606956 0.294659
0.607758 -0.104587
0.608191 0.193065
0.609093 -0.005410
0.609678 0.093276
0.610925 -0.406530
0.613047 0.398645
0.617949 0.498055
0.626672 -0.605698
0.654852 -0.548288
0.665629 0.597433
0.667275 -0.254450
0.669180 0.243340
0.669507 0.345783
0.670243 -0.354943
0.671172 -0.153894
0.671935 -0.054472
0.673007 0.142387
0.673962 0.043916
0.675935 0.544292
0.676076 -0.457915
0.681600 0.451570
0.730234 0.293971
0.731094 -0.305007
0.731316 -0.203495
0.733190 0.396500
0.733425 0.191354
0.735122 -0.103372
0.735758 -0.580959
0.736394 -0.403921
0.737617 -0.004858
0.738045 0.092631
0.740917 -0.510279
0.754673 0.504892
0.780140 0.569406
0.791712 -0.253962
0.791962 0.240401
0.792593 0.344743
0.797352 -0.450474
0.798561 -0.151884
0.798823 -0.355541
0.799068 0.445404
0.799913 -0.053366
0.801350 0.140740
0.803693 0.043833
0.828242 -0.555825
0.850646 0.289124
0.853672 -0.491821
0.854784 -0.200505
0.855470 -0.305216
0.858265 0.395312
0.859550 0.188654
0.863328 -0.101667
0.865818 0.488757
0.867531 -0.004241
0.868179 0.091630
0.871407 -0.404924
0.876343 0.541059
0.909933 0.336614
0.911603 -0.249696
0.916213 0.236871
0.918709 -0.526994
0.925974 -0.356926
0.927944 -0.149109
0.928645 -0.052306
0.932017 0.138731
0.932936 0.444594
0.935646 0.043614
0.939940 -0.451285
0.969931 0.381601
0.971690 -0.298243
0.975305 0.284846
0.978085 -0.196619
0.979321 0.504974
0.986572 0.185988
0.993371 -0.100405
0.999044 -0.003678
1.000366 0.090470
1.003036 -0.495694
1.009439 -0.407770
1.033419 -0.245181
1.034246 0.421302
1.036004 -0.344215
1.037145 0.331600
1.041645 0.234598
1.057136 -0.051790
1.061856 -0.146928
1.064947 0.469491
1.065363 0.136362
1.070465 0.043583
1.084105 -0.460749
1.095718 -0.293021
1.100617 -0.193820
1.103290 0.283470
1.103376 0.375594
1.107830 -0.381088
1.111713 0.183610
1.125183 -0.100529
1.131240 -0.002332
1.135043 0.088687
1.154703 0.425522
1.157507 -0.244872
1.158144 -0.423670
1.165228 0.233990
1.169967 -0.333259
1.170517 0.330931
1.181304 -0.050102
1.200974 0.133635
1.202393 -0.147221
1.211002 0.042677
1.215391 -0.196754
1.230205 0.182536
1.231254 0.284352
1.231389 -0.286423
1.232075 0.380251
1.235759 -0.377882
1.253343 -0.099018
1.265237 -0.000919
1.270350 0.084798
1.285429 0.235867
1.290711 -0.237428
1.299638 -0.049757
1.300301 0.332359
1.302875 -0.330362
1.326298 -0.181340
1.335167 0.135095
1.339789 0.185644
1.345729 -0.132227
1.359335 0.281866
1.361714 -0.279589
1.362435 0.034867
1.387903 0.085602
1.388093 -0.080346
1.396360 -0.018226
1.408925 0.228762
1.412357 -0.224542
1.449631 0.171309
1.450802 -0.169340
1.475761 0.119365
1.477710 -0.114502
1.493948 0.059827
1.495114 -0.053766
1.499928 0.006534
