-0.999392 0.034868
-0.998147 -0.060853
-0.988758 -0.149526
-0.972956 -0.230989
-0.946637 -0.322303
-0.913950 -0.405826
-0.874551 -0.484934
-0.828819 -0.559517
-0.777269 -0.629168
-0.720159 -0.693809
-0.655022 -0.755610
-0.594823 -0.803857
-0.527178 -0.849755
-0.451498 -0.892272
-0.381977 -0.924172
-0.300959 -0.953637
-0.222698 -0.974887
-0.143930 -0.989588
-0.064607 -0.997911
0.014854 -0.999890
0.093884 -0.995583
0.172010 -0.985095
0.249156 -0.968463
0.328162 -0.944621
0.395659 -0.918397
0.466453 -0.884546
0.527214 -0.849733
0.587431 -0.809275
0.644335 -0.764744
0.699827 -0.714312
0.751270 -0.659995
0.806032 -0.591872
0.854125 -0.520068
0.896915 -0.442203
0.934238 -0.356650
0.962894 -0.269881
0.983127 -0.182922
0.996293 -0.086027
0.999945 0.010462
0.995408 0.095720
0.981655 0.190664
0.962016 0.272992
0.931694 0.363244
0.895170 0.445725
0.852268 0.523106
0.803414 0.595421
0.748889 0.662695
0.686672 0.726967
0.628284 0.777984
0.559163 0.829058
0.495544 0.868583
0.420856 0.907128
0.352541 0.935796
0.272992 0.962016
0.196879 0.980428
0.124663 0.992199
0.040651 0.999173
-0.040035 0.999198
-0.120645 0.992696
-0.201602 0.979468
-0.270930 0.962599
-0.337295 0.941399
-0.405682 0.914014
-0.470394 0.882457
-0.541681 0.840584
-0.604319 0.796742
-0.672196 0.740373
-0.732867 0.680372
-0.788684 0.614799
-0.839281 0.543698
-0.883977 0.467529
-0.922094 0.386967
-0.953100 0.302656
-0.976658 0.214801
-0.992808 0.119720
