-1.049439 0.031117
-1.048291 -0.054317
-1.043361 0.106930
-1.039616 -0.133609
-1.028389 0.192232
-1.024947 -0.206802
-1.006396 0.271607
-1.000327 -0.289463
-0.981870 -0.009629
-0.977168 0.348519
-0.971593 0.136511
-0.969441 -0.365843
-0.964560 -0.085444
-0.957313 0.062690
-0.948918 -0.228139
-0.944079 0.210833
-0.940811 0.422889
-0.938581 -0.155271
-0.931748 -0.439086
-0.917816 0.283326
-0.913071 -0.299964
-0.904780 -0.012313
-0.897587 0.494175
-0.895466 0.133857
-0.887381 -0.509113
-0.885953 0.354330
-0.878692 -0.369825
-0.877376 -0.086013
-0.870223 -0.222574
-0.867365 0.060342
-0.862258 0.209121
-0.847936 0.423196
-0.847911 0.561734
-0.839422 -0.153035
-0.839347 -0.437498
-0.836597 -0.575521
-0.831013 0.281984
-0.828312 -0.295450
-0.822038 -0.012898
-0.815013 0.133873
-0.803956 0.489141
-0.795286 0.352319
-0.794670 -0.502388
-0.792221 0.625052
-0.788981 -0.365986
-0.786559 -0.083778
-0.784080 -0.222482
-0.779406 -0.638169
-0.779273 0.060434
-0.778324 0.208212
-0.754614 0.551585
-0.754097 0.419996
-0.745888 -0.433949
-0.745418 -0.564483
-0.744693 -0.152307
-0.742967 0.280171
-0.740386 -0.293892
-0.735713 -0.011425
-0.731627 0.133954
-0.730671 0.683963
-0.713081 -0.699069
-0.707430 0.485012
-0.703799 0.349599
-0.700792 0.610573
-0.698455 -0.500262
-0.697930 -0.363655
-0.695875 -0.082056
-0.695345 -0.222119
-0.695069 -0.628731
-0.692438 0.207063
-0.691297 0.061261
-0.660662 0.740230
-0.659862 0.416672
-0.655896 0.548082
-0.653726 0.278049
-0.652781 -0.432015
-0.652435 -0.151542
-0.650820 -0.292612
-0.650783 -0.747395
-0.650110 -0.569787
-0.647780 -0.010257
-0.645865 0.133908
-0.645576 0.671094
-0.620429 -0.657221
-0.611777 0.346855
-0.611491 0.482236
-0.606690 -0.502179
-0.606600 -0.362308
-0.605573 -0.221529
-0.605538 -0.080890
-0.604829 0.205804
-0.602997 0.061757
-0.602778 0.613931
-0.595028 0.784694
-0.579677 -0.794091
-0.568756 0.699881
-0.568331 -0.580456
-0.567035 -0.712726
-0.566122 0.414199
-0.563571 0.275953
-0.561770 -0.432645
-0.561379 0.550070
-0.561319 -0.150886
-0.560609 -0.291826
-0.558996 -0.009514
-0.558413 0.133542
-0.523650 -0.643949
-0.520000 -0.506398
-0.519826 0.344605
-0.519451 0.629117
-0.519239 0.827781
-0.518644 0.482696
-0.516161 -0.362395
-0.515938 0.204517
-0.515470 -0.221114
-0.515401 -0.080169
-0.514189 0.061915
-0.511686 0.756946
-0.503596 -0.764462
-0.498950 -0.837984
-0.475778 -0.573698
-0.474571 0.556897
-0.474317 0.413346
-0.472944 -0.434290
-0.472941 0.274246
-0.470774 -0.150497
-0.470655 0.695905
-0.470596 -0.291789
-0.469766 0.133026
-0.469702 -0.009131
-0.467283 -0.702555
-0.449548 0.860678
-0.429988 0.484533
-0.428946 0.778206
-0.428613 0.343460
-0.428527 -0.503290
-0.428412 0.626399
-0.426619 -0.363011
-0.426236 0.203474
-0.426161 -0.637208
-0.425481 -0.221075
-0.425378 -0.079815
-0.424900 0.061862
-0.423788 -0.871364
-0.422381 -0.781496
-0.385509 0.701742
-0.385144 0.553551
-0.384294 0.413452
-0.382348 0.273298
-0.382054 -0.432871
-0.381276 -0.570076
-0.380881 -0.292031
-0.380607 -0.150405
-0.380364 0.132567
-0.380111 -0.009002
-0.379228 -0.709572
-0.375069 0.889547
-0.359402 -0.829875
-0.357172 0.827057
-0.342252 0.623949
-0.339589 0.482329
-0.338102 0.343116
-0.336206 0.202887
-0.336176 -0.362374
-0.335930 -0.501532
-0.335649 -0.221184
-0.335458 -0.079721
-0.335282 0.061737
-0.335158 -0.902560
-0.334738 -0.640363
-0.331667 0.763717
-0.323509 -0.768701
-0.302112 0.912107
-0.296117 0.687370
-0.295680 0.551296
-0.293342 0.412236
-0.291936 0.272957
-0.290759 -0.291766
-0.290662 -0.150435
-0.290644 -0.432103
-0.290608 0.132294
-0.290382 -0.009010
-0.289633 -0.571621
-0.282879 -0.705438
-0.274859 -0.845643
-0.271226 0.842073
-0.250509 0.754223
-0.250205 0.616689
-0.248713 -0.925278
-0.248628 0.481090
-0.247161 0.342523
-0.246112 0.202655
-0.245676 -0.221086
-0.245609 -0.079725
-0.245534 -0.362081
-0.245518 0.061636
-0.244743 -0.502460
-0.240730 -0.639889
-0.235136 -0.780426
-0.225302 0.930198
-0.205032 0.682475
-0.202949 0.547997
-0.202029 0.411785
-0.201349 0.272651
-0.200739 -0.150392
-0.200737 0.132167
-0.200608 -0.009036
-0.200583 -0.291676
-0.200022 -0.432718
-0.197743 0.806113
-0.197526 -0.572413
-0.193600 -0.713930
-0.192753 -0.861484
-0.177380 0.873643
-0.161066 -0.941109
-0.157068 0.614446
-0.156154 0.342386
-0.156046 0.480014
-0.155916 0.202469
-0.155774 -0.079700
-0.155729 -0.221069
-0.155705 0.061594
-0.155370 -0.362474
-0.154186 0.740921
-0.153860 -0.503457
-0.151318 -0.645768
-0.150083 -0.792481
-0.135063 0.944469
-0.111594 0.810811
-0.110888 -0.150393
-0.110819 -0.009021
-0.110816 0.272549
-0.110780 0.132095
-0.110699 -0.291909
-0.110191 0.411602
-0.109872 -0.433492
-0.109454 0.547789
-0.109324 -0.872195
-0.108281 -0.576208
-0.108091 0.676796
-0.107270 -0.722246
-0.085646 0.880509
-0.072382 -0.950115
-0.065997 -0.079694
-0.065965 -0.221214
-0.065864 0.061605
-0.065723 0.202447
-0.065600 -0.362957
-0.065245 -0.799753
-0.065145 0.342323
-0.064731 -0.505657
-0.064150 -0.650913
-0.063424 0.480627
-0.062708 0.744429
-0.060838 0.613462
-0.044860 0.951511
-0.024938 -0.877032
-0.023889 0.814274
-0.021477 -0.726291
-0.021177 -0.150482
-0.021068 -0.292219
-0.021064 -0.008989
-0.020822 0.132152
-0.020732 -0.434628
-0.020524 -0.578906
-0.020311 0.272618
-0.018788 0.411989
-0.015102 0.548978
-0.013693 0.681632
0.002153 0.883717
0.016646 -0.952261
0.019726 -0.801419
0.022555 -0.652393
0.023578 -0.506807
0.023629 -0.221437
0.023661 -0.363592
0.023668 -0.079703
0.023935 0.061690
0.024425 0.202611
0.025604 0.342754
0.028611 0.481479
0.029730 0.751572
0.033174 0.619415
0.045549 0.951484
0.059538 -0.875772
0.064388 -0.725404
0.067018 0.821337
0.067136 -0.578868
0.068112 -0.435232
0.068291 -0.292668
0.068369 -0.150571
0.068604 -0.008914
0.069062 0.132335
0.069975 0.273092
0.072232 0.412965
0.076211 0.552312
0.079878 0.692955
0.090595 0.887666
0.104795 -0.797483
0.105150 -0.947593
0.109683 -0.650176
0.112246 -0.506704
0.112808 -0.364163
0.112994 -0.221640
0.113199 -0.079677
0.113640 0.061870
0.114365 0.203012
0.115956 0.343787
0.119165 0.484125
0.122818 0.625265
0.123663 0.770551
0.139558 0.943931
0.143222 -0.868618
0.150887 -0.720245
0.155927 -0.577478
0.157322 -0.435748
0.157422 -0.292918
0.157750 -0.150613
0.158148 -0.008767
0.158782 0.132682
0.159830 0.273893
0.162075 0.853691
0.162218 0.415314
0.165715 0.556724
0.166967 0.700518
0.190243 -0.788790
0.192372 -0.936260
0.198748 -0.647043
0.201789 -0.364356
0.202001 -0.507222
0.202228 -0.221708
0.202581 -0.079556
0.203199 0.062137
0.204004 0.203641
0.205346 0.345412
0.207048 0.777275
0.208488 0.488161
0.211019 0.630523
0.220053 0.931231
0.225686 -0.856296
0.240135 -0.714885
0.243679 0.850428
0.246372 -0.435847
0.246444 -0.292971
0.246851 -0.578496
0.246992 -0.150475
0.247573 -0.008536
0.248263 0.133100
0.249063 0.275049
0.250797 0.417946
0.253925 0.704090
0.254574 0.562433
0.278021 -0.918389
0.278814 -0.780494
0.290684 -0.364484
0.291355 -0.221448
0.291373 -0.507221
0.291517 -0.649843
0.291860 -0.079318
0.292624 0.062450
0.293211 0.204274
0.293843 0.347259
0.294068 0.773724
0.296147 0.491558
0.300514 0.637749
0.304356 0.911493
0.310236 -0.843950
0.328264 0.838087
0.335194 -0.292546
0.335437 -0.436287
0.335514 -0.722328
0.336206 -0.150125
0.336576 -0.578247
0.336922 -0.008242
0.337535 0.133459
0.337586 0.275864
0.338462 0.420474
0.341566 0.565805
0.346673 0.713327
0.365048 -0.892970
0.376276 -0.798597
0.379000 -0.363961
0.380548 -0.220898
0.380718 -0.648767
0.381104 -0.078863
0.381128 -0.508358
0.381347 0.348097
0.381996 0.062675
0.382176 0.204519
0.383294 0.494633
0.387405 0.639560
0.391431 0.790815
0.391717 0.883625
0.421981 -0.718563
0.423494 -0.435630
0.423812 -0.291874
0.424869 0.420941
0.425430 -0.149411
0.425733 0.275808
0.426365 -0.007728
0.426774 0.133251
0.427647 -0.580757
0.429133 0.569493
0.432564 0.711507
0.438671 -0.865283
0.458396 -0.783268
0.465940 0.853476
0.467093 -0.363500
0.468426 0.347629
0.468655 0.493976
0.469170 -0.507062
0.469821 -0.219849
0.470354 -0.077818
0.471105 0.203411
0.471773 0.062737
0.473154 0.777559
0.473254 -0.654164
0.477120 0.645099
0.511164 0.419958
0.511766 -0.435724
0.511921 -0.290707
0.513233 0.566429
0.513397 0.273363
0.514585 -0.147674
0.515030 -0.829941
0.515476 -0.577031
0.516332 -0.006941
0.516632 0.132329
0.518642 -0.728970
0.528271 0.721275
0.546098 0.813438
0.554199 -0.362803
0.554373 0.343430
0.554815 0.492490
0.558146 -0.643534
0.558993 -0.216977
0.559176 -0.507916
0.559348 0.636292
0.559939 -0.076238
0.560945 0.201056
0.562585 0.062619
0.579769 -0.794036
0.595452 0.413034
0.597571 -0.702602
0.598349 -0.286436
0.598829 -0.436023
0.600785 0.564732
0.601685 0.269506
0.604330 -0.145238
0.606072 0.698224
0.607272 -0.006059
0.607725 0.130900
0.609985 -0.578462
0.613440 0.772942
0.636953 0.480877
0.638122 -0.356709
0.641349 0.338387
0.643096 -0.752849
0.648182 -0.509894
0.649561 -0.213013
0.650051 -0.074722
0.652412 0.198187
0.653055 0.635134
0.654952 0.062306
0.657958 -0.644693
0.678952 0.545144
0.680183 -0.426062
0.682714 0.406923
0.684659 -0.280885
0.685525 0.721391
0.690600 0.265697
0.695360 -0.143436
0.699331 -0.005254
0.700256 0.129242
0.702125 -0.708134
0.706607 -0.582528
0.723393 -0.350259
0.723972 0.601860
0.725203 -0.491736
0.726002 0.473714
0.729152 0.335140
0.739995 -0.073985
0.743299 -0.209897
0.745463 0.670702
0.745754 0.194803
0.749326 0.062261
0.758873 -0.658213
0.767003 -0.418601
0.770432 -0.276886
0.772303 0.404957
0.772363 0.536562
0.775481 -0.544412
0.778199 0.262300
0.787628 -0.143612
0.791868 -0.003332
0.794530 0.126696
0.808292 0.607888
0.810255 -0.349818
0.810701 -0.605244
0.815660 0.334271
0.818977 -0.476085
0.819362 0.472758
0.826913 -0.071574
0.840682 0.190907
0.841675 -0.210316
0.847701 0.060967
0.850774 -0.281077
0.861144 0.260766
0.861878 0.406217
0.861973 -0.409175
0.862453 0.543216
0.865031 -0.539832
0.877340 -0.141454
0.885666 -0.001313
0.889245 0.121140
0.899800 0.336952
0.903497 -0.339183
0.909747 -0.071082
0.910211 0.474799
0.912012 -0.471946
0.928408 -0.259057
0.934617 0.192993
0.937852 0.265206
0.942010 -0.188896
0.951534 0.402666
0.953200 -0.399412
0.953705 0.049810
0.971532 0.122289
0.971665 -0.114780
0.977452 -0.026037
0.986248 0.326802
0.988650 -0.320774
1.014742 0.244728
1.015562 -0.241914
1.033032 0.170521
1.034397 -0.163575
1.045763 0.085467
1.046580 -0.076809
1.049950 0.009335
