-1.032782 0.031619
-1.031651 -0.055193
-1.026800 0.108655
-1.023114 -0.135764
-1.012065 0.195333
-1.008678 -0.210138
-0.990421 0.275987
-0.984449 -0.294132
-0.966284 -0.009784
-0.961658 0.354140
-0.956171 0.138713
-0.954053 -0.371744
-0.949249 -0.086822
-0.942117 0.063701
-0.933856 -0.231819
-0.929094 0.214234
-0.925877 0.429710
-0.923683 -0.157775
-0.916959 -0.446168
-0.903248 0.287896
-0.898578 -0.304802
-0.890419 -0.012511
-0.883339 0.502146
-0.881252 0.136016
-0.873296 -0.517325
-0.871890 0.360045
-0.864745 -0.375790
-0.863450 -0.087400
-0.856410 -0.226163
-0.853597 0.061315
-0.848572 0.212494
-0.834477 0.430022
-0.834452 0.570794
-0.826098 -0.155504
-0.826024 -0.444555
-0.823317 -0.584804
-0.817822 0.286532
-0.815164 -0.300215
-0.808990 -0.013106
-0.802076 0.136032
-0.791195 0.497031
-0.782663 0.358002
-0.782056 -0.510491
-0.779646 0.635134
-0.776457 -0.371889
-0.774074 -0.085129
-0.771634 -0.226071
-0.767034 -0.648462
-0.766904 0.061409
-0.765970 0.211570
-0.742636 0.560481
-0.742127 0.426770
-0.734048 -0.440949
-0.733586 -0.573588
-0.732872 -0.154764
-0.731174 0.284690
-0.728633 -0.298633
-0.724035 -0.011609
-0.720013 0.136114
-0.719073 0.694995
-0.701762 -0.710345
-0.696201 0.492835
-0.692627 0.355238
-0.689668 0.620421
-0.687368 -0.508330
-0.686852 -0.369521
-0.684829 -0.083379
-0.684308 -0.225702
-0.684036 -0.638872
-0.681447 0.210402
-0.680324 0.062249
-0.650176 0.752169
-0.649388 0.423393
-0.645485 0.556922
-0.643350 0.282534
-0.642419 -0.438983
-0.642079 -0.153987
-0.640490 -0.297332
-0.640453 -0.759450
-0.639791 -0.578977
-0.637498 -0.010422
-0.635613 0.136068
-0.635329 0.681918
-0.610581 -0.667822
-0.602066 0.352450
-0.601784 0.490014
-0.597060 -0.510278
-0.596972 -0.368152
-0.595960 -0.225102
-0.595927 -0.082194
-0.595229 0.209123
-0.593426 0.062754
-0.593210 0.623833
-0.585583 0.797350
-0.570476 -0.806899
-0.559729 0.711169
-0.559310 -0.589819
-0.558034 -0.724221
-0.557136 0.420880
-0.554626 0.280404
-0.552853 -0.439623
-0.552468 0.558942
-0.552410 -0.153319
-0.551711 -0.296533
-0.550123 -0.009667
-0.549550 0.135696
-0.515338 -0.654335
-0.511746 -0.514566
-0.511575 0.350163
-0.511206 0.639264
-0.510997 0.841133
-0.510412 0.490481
-0.507968 -0.368240
-0.507748 0.207815
-0.507288 -0.224680
-0.507220 -0.081462
-0.506027 0.062913
-0.503564 0.769155
-0.495603 -0.776792
-0.491030 -0.851500
-0.468226 -0.582952
-0.467038 0.565879
-0.466788 0.420012
-0.465437 -0.441295
-0.465434 0.278669
-0.463301 -0.152924
-0.463184 0.707129
-0.463126 -0.296495
-0.462309 0.135172
-0.462246 -0.009279
-0.459865 -0.713886
-0.442412 0.874560
-0.423162 0.492348
-0.422137 0.790758
-0.421809 0.349000
-0.421725 -0.511407
-0.421612 0.636502
-0.419847 -0.368866
-0.419470 0.206756
-0.419396 -0.647485
-0.418728 -0.224641
-0.418626 -0.081102
-0.418155 0.062860
-0.417061 -0.885418
-0.415677 -0.794100
-0.379390 0.713061
-0.379031 0.562479
-0.378194 0.420120
-0.376279 0.277706
-0.375990 -0.439853
-0.375224 -0.579271
-0.374836 -0.296741
-0.374566 -0.152831
-0.374326 0.134705
-0.374077 -0.009148
-0.373208 -0.721017
-0.369116 0.903895
-0.353697 -0.843260
-0.351503 0.840397
-0.336819 0.634013
-0.334199 0.490108
-0.332735 0.348650
-0.330869 0.206159
-0.330840 -0.368219
-0.330598 -0.509621
-0.330322 -0.224752
-0.330133 -0.081007
-0.329960 0.062732
-0.329838 -0.917118
-0.329424 -0.650691
-0.326402 0.776035
-0.318374 -0.781100
-0.297317 0.926819
-0.291417 0.698457
-0.290987 0.560187
-0.288686 0.418885
-0.287302 0.277360
-0.286144 -0.296471
-0.286048 -0.152861
-0.286031 -0.439073
-0.285995 0.134428
-0.285773 -0.009155
-0.285036 -0.580841
-0.278388 -0.716816
-0.270496 -0.859282
-0.266920 0.855655
-0.246532 0.766388
-0.246233 0.626636
-0.244765 -0.940202
-0.244682 0.488850
-0.243238 0.348047
-0.242205 0.205923
-0.241777 -0.224652
-0.241711 -0.081011
-0.241636 -0.367921
-0.241620 0.062630
-0.240858 -0.510564
-0.236909 -0.650210
-0.231404 -0.793013
-0.221725 0.945201
-0.201778 0.693482
-0.199728 0.556835
-0.198822 0.418427
-0.198153 0.277049
-0.197553 -0.152817
-0.197551 0.134299
-0.197423 -0.009181
-0.197399 -0.296380
-0.196848 -0.439698
-0.194604 0.819115
-0.194391 -0.581645
-0.190527 -0.725445
-0.189693 -0.875379
-0.174564 0.887734
-0.158509 -0.956289
-0.154575 0.624357
-0.153675 0.347908
-0.153569 0.487756
-0.153441 0.205734
-0.153302 -0.080986
-0.153257 -0.224635
-0.153234 0.062588
-0.152904 -0.368321
-0.151739 0.752871
-0.151418 -0.511578
-0.148916 -0.656184
-0.147701 -0.805263
-0.132920 0.959702
-0.109823 0.823889
-0.109128 -0.152818
-0.109060 -0.009167
-0.109057 0.276945
-0.109022 0.134226
-0.108942 -0.296617
-0.108442 0.418241
-0.108128 -0.440484
-0.107717 0.556624
-0.107589 -0.886263
-0.106562 -0.585502
-0.106375 0.687712
-0.105567 -0.733896
-0.084287 0.894711
-0.071233 -0.965440
-0.064949 -0.080980
-0.064918 -0.224782
-0.064819 0.062598
-0.064680 0.205712
-0.064558 -0.368811
-0.064209 -0.812652
-0.064111 0.347845
-0.063704 -0.513813
-0.063132 -0.661411
-0.062417 0.488379
-0.061712 0.756436
-0.059872 0.623357
-0.044148 0.966858
-0.024543 -0.891177
-0.023510 0.827407
-0.021136 -0.738006
-0.020841 -0.152909
-0.020734 -0.296932
-0.020730 -0.009134
-0.020491 0.134284
-0.020403 -0.441638
-0.020198 -0.588243
-0.019989 0.277015
-0.018490 0.418634
-0.014862 0.557833
-0.013476 0.692627
0.002119 0.897970
0.016382 -0.967620
0.019413 -0.814345
0.022197 -0.662915
0.023203 -0.514982
0.023254 -0.225008
0.023285 -0.369457
0.023293 -0.080988
0.023555 0.062685
0.024038 0.205879
0.025197 0.348283
0.028157 0.489245
0.029258 0.763694
0.032647 0.629406
0.044826 0.966831
0.058593 -0.889897
0.063366 -0.737104
0.065954 0.834584
0.066071 -0.588205
0.067031 -0.442252
0.067207 -0.297389
0.067284 -0.152999
0.067515 -0.009058
0.067965 0.134469
0.068865 0.277496
0.071085 0.419626
0.075001 0.561220
0.078610 0.704131
0.089157 0.901984
0.103132 -0.810346
0.103481 -0.962877
0.107942 -0.660663
0.110465 -0.514876
0.111017 -0.370037
0.111201 -0.225215
0.111402 -0.080962
0.111836 0.062868
0.112550 0.206287
0.114115 0.349332
0.117274 0.491933
0.120868 0.635350
0.121700 0.782980
0.137343 0.959156
0.140949 -0.882628
0.148492 -0.731862
0.153452 -0.586792
0.154825 -0.442776
0.154923 -0.297642
0.155246 -0.153042
0.155638 -0.008908
0.156262 0.134822
0.157293 0.278310
0.159503 0.867460
0.159643 0.422013
0.163085 0.565703
0.164317 0.711816
0.187223 -0.801513
0.189319 -0.951361
0.195593 -0.657479
0.198586 -0.370233
0.198794 -0.515403
0.199018 -0.225284
0.199365 -0.080839
0.199974 0.063140
0.200766 0.206925
0.202087 0.350983
0.203761 0.789811
0.205179 0.496034
0.207669 0.640692
0.216560 0.946251
0.222103 -0.870107
0.236324 -0.726415
0.239811 0.864145
0.242461 -0.442877
0.242533 -0.297696
0.242933 -0.587826
0.243071 -0.152902
0.243644 -0.008674
0.244322 0.135247
0.245109 0.279485
0.246816 0.424687
0.249895 0.715447
0.250533 0.571504
0.273608 -0.933202
0.274388 -0.793083
0.286070 -0.370363
0.286730 -0.225020
0.286748 -0.515402
0.286890 -0.660325
0.287228 -0.080597
0.287979 0.063457
0.288557 0.207569
0.289179 0.352860
0.289401 0.786203
0.291446 0.499486
0.295744 0.648035
0.299525 0.926195
0.305312 -0.857562
0.323054 0.851604
0.329873 -0.297265
0.330112 -0.443324
0.330189 -0.733979
0.330870 -0.152547
0.331234 -0.587574
0.331574 -0.008375
0.332177 0.135611
0.332228 0.280313
0.333090 0.427255
0.336144 0.574931
0.341170 0.724832
0.359253 -0.907373
0.370303 -0.811477
0.372984 -0.369831
0.374507 -0.224461
0.374674 -0.659231
0.375055 -0.080134
0.375079 -0.516557
0.375294 0.353711
0.375932 0.063685
0.376110 0.207817
0.377210 0.502610
0.381256 0.649875
0.385218 0.803570
0.385499 0.897877
0.415283 -0.730153
0.416772 -0.442656
0.417085 -0.296581
0.418125 0.427730
0.418678 -0.151820
0.418976 0.280256
0.419597 -0.007853
0.420000 0.135401
0.420859 -0.590124
0.422322 0.578678
0.425698 0.722982
0.431708 -0.879239
0.451120 -0.795902
0.458544 0.867241
0.459678 -0.369362
0.460991 0.353236
0.461216 0.501944
0.461723 -0.515240
0.462363 -0.223395
0.462888 -0.079073
0.463627 0.206691
0.464285 0.063749
0.465644 0.790101
0.465742 -0.664715
0.469546 0.655504
0.503050 0.426732
0.503642 -0.442751
0.503795 -0.295396
0.505087 0.575565
0.505248 0.277772
0.506417 -0.150056
0.506855 -0.843327
0.507294 -0.586338
0.508136 -0.007053
0.508431 0.134464
0.510410 -0.740727
0.519886 0.732908
0.537430 0.826558
0.545402 -0.368655
0.545574 0.348969
0.546009 0.500433
0.549287 -0.653914
0.550120 -0.220477
0.550300 -0.516109
0.550469 0.646555
0.551051 -0.077467
0.552041 0.204299
0.553656 0.063629
0.570567 -0.806843
0.586001 0.419696
0.588085 -0.713934
0.588851 -0.291056
0.589324 -0.443056
0.591249 0.573840
0.592134 0.273852
0.594737 -0.147581
0.596452 0.709486
0.597633 -0.006156
0.598079 0.133012
0.600303 -0.587792
0.603703 0.785409
0.626843 0.488633
0.627993 -0.362462
0.631169 0.343845
0.632888 -0.764992
0.637893 -0.518118
0.639250 -0.216449
0.639733 -0.075927
0.642056 0.201383
0.642689 0.645378
0.644556 0.063311
0.647514 -0.655091
0.668175 0.553937
0.669386 -0.432934
0.671877 0.413487
0.673792 -0.285415
0.674644 0.733026
0.679639 0.269982
0.684322 -0.145750
0.688230 -0.005339
0.689141 0.131327
0.690980 -0.719555
0.695391 -0.591924
0.711911 -0.355908
0.712481 0.611567
0.713691 -0.499667
0.714478 0.481355
0.717578 0.340545
0.728249 -0.075179
0.731501 -0.213282
0.733630 0.681520
0.733917 0.197945
0.737431 0.063265
0.746828 -0.668829
0.754828 -0.425353
0.758203 -0.281352
0.760044 0.411489
0.760104 0.545217
0.763172 -0.553193
0.765847 0.266531
0.775126 -0.145929
0.779299 -0.003386
0.781918 0.128739
0.795462 0.617693
0.797393 -0.355460
0.797833 -0.615006
0.802713 0.339662
0.805977 -0.483764
0.806356 0.480383
0.813787 -0.072728
0.827338 0.193986
0.828315 -0.213708
0.834246 0.061950
0.837269 -0.285611
0.847475 0.264972
0.848197 0.412769
0.848290 -0.415775
0.848763 0.551977
0.851301 -0.548539
0.863414 -0.143735
0.871608 -0.001334
0.875130 0.123094
0.885518 0.342387
0.889156 -0.344654
0.895306 -0.072228
0.895763 0.482457
0.897536 -0.479558
0.913672 -0.263235
0.919782 0.196106
0.922966 0.269483
0.927058 -0.191942
0.936431 0.409161
0.938070 -0.405854
0.938566 0.050614
0.956111 0.124262
0.956242 -0.116631
0.961937 -0.026457
0.970593 0.332073
0.972957 -0.325948
0.998635 0.248675
0.999442 -0.245816
1.016635 0.173272
1.017978 -0.166213
1.029164 0.086846
1.029967 -0.078048
1.033284 0.009485
