-0.998570 0.053458
-0.995657 -0.093093
-0.974105 -0.226097
-0.939589 -0.342304
-0.886326 -0.463062
-0.826221 -0.563346
-0.761256 -0.648451
-0.693994 -0.719981
-0.626418 -0.779488
-0.559541 -0.828803
-0.490951 -0.871187
-0.433351 -0.901225
-0.373952 -0.927448
-0.312337 -0.949971
-0.259338 -0.965787
-0.200870 -0.979618
-0.146783 -0.989169
-0.094055 -0.995567
-0.042015 -0.999117
0.009648 -0.999953
0.061135 -0.998129
0.112693 -0.993630
0.164839 -0.986320
0.220112 -0.975475
0.269471 -0.963009
0.324032 -0.946046
0.373762 -0.927525
0.426476 -0.904499
0.480159 -0.877181
0.537038 -0.843558
0.594890 -0.803807
0.663169 -0.748469
0.730252 -0.683178
0.797303 -0.603579
0.862822 -0.505507
0.918637 -0.395103
0.961617 -0.274394
0.991359 -0.131178
0.999871 0.016068
0.989300 0.145894
0.958353 0.285587
0.916838 0.399260
0.858122 0.513447
0.794366 0.607439
0.727522 0.686085
0.659731 0.751502
0.592290 0.805725
0.523307 0.852144
0.464758 0.885438
0.401417 0.915895
0.347564 0.937656
0.288579 0.957456
0.237703 0.971338
0.181292 0.983429
0.129320 0.991603
0.081332 0.996687
0.026421 0.999651
-0.026017 0.999661
-0.078702 0.996898
-0.132496 0.991184
-0.179776 0.983708
-0.226612 0.973985
-0.276974 0.960877
-0.327221 0.944948
-0.386224 0.922405
-0.442172 0.896930
-0.508388 0.861128
-0.573750 0.819030
-0.640735 0.767762
-0.708726 0.705483
-0.776164 0.630532
-0.840615 0.541633
-0.898932 0.438087
-0.947547 0.319617
-0.983325 0.181857
