-1.282648 0.025459
-1.281244 -0.044441
-1.275219 0.087489
-1.270642 -0.109317
-1.256919 0.157281
-1.252713 -0.169202
-1.230039 0.222224
-1.222622 -0.236833
-1.200063 -0.007878
-1.194317 0.285152
-1.187503 0.111691
-1.184872 -0.299326
-1.178906 -0.069908
-1.170049 0.051292
-1.159789 -0.186660
-1.153875 0.172500
-1.149880 0.346000
-1.147155 -0.127040
-1.138803 -0.359252
-1.121775 0.231812
-1.115976 -0.245425
-1.105842 -0.010074
-1.097051 0.404325
-1.094459 0.109520
-1.084577 -0.416547
-1.082831 0.289906
-1.073957 -0.302584
-1.072349 -0.070374
-1.063606 -0.182106
-1.060113 0.049371
-1.053871 0.171099
-1.036366 0.346251
-1.036335 0.459601
-1.025961 -0.125211
-1.025869 -0.357953
-1.022507 -0.470881
-1.015682 0.230714
-1.012382 -0.241732
-1.004714 -0.010553
-0.996127 0.109532
-0.982613 0.400206
-0.972016 0.288261
-0.971263 -0.411044
-0.968270 0.511406
-0.964310 -0.299443
-0.961350 -0.068546
-0.958320 -0.182031
-0.952607 -0.522138
-0.952445 0.049446
-0.951285 0.170355
-0.922307 0.451297
-0.921674 0.343633
-0.911640 -0.355050
-0.911067 -0.461850
-0.910180 -0.124615
-0.908071 0.229231
-0.904916 -0.240457
-0.899204 -0.009348
-0.894210 0.109599
-0.893042 0.559606
-0.871544 -0.571966
-0.864636 0.396828
-0.860199 0.286036
-0.856523 0.499560
-0.853667 -0.409305
-0.853026 -0.297536
-0.850514 -0.067137
-0.849867 -0.181734
-0.849529 -0.514417
-0.846313 0.169415
-0.844919 0.050122
-0.807476 0.605643
-0.806499 0.340914
-0.801650 0.448431
-0.798999 0.227495
-0.797843 -0.353467
-0.797421 -0.123989
-0.795447 -0.239410
-0.795402 -0.611505
-0.794579 -0.466189
-0.791731 -0.008392
-0.789390 0.109561
-0.789038 0.549077
-0.758302 -0.537726
-0.747728 0.283791
-0.747377 0.394557
-0.741511 -0.410874
-0.741401 -0.296434
-0.740144 -0.181251
-0.740103 -0.066182
-0.739236 0.168385
-0.736997 0.050529
-0.736728 0.502307
-0.727257 0.642022
-0.708494 -0.649711
-0.695147 0.572630
-0.694627 -0.474919
-0.693043 -0.583139
-0.691927 0.338890
-0.688809 0.225780
-0.686607 -0.353982
-0.686130 0.450057
-0.686057 -0.123452
-0.685189 -0.238767
-0.683217 -0.007784
-0.682505 0.109261
-0.640016 -0.526867
-0.635555 -0.414326
-0.635343 0.281950
-0.634885 0.514732
-0.634625 0.677276
-0.633898 0.394933
-0.630863 -0.296505
-0.630591 0.167332
-0.630019 -0.180911
-0.629935 -0.065593
-0.628453 0.050658
-0.625394 0.619320
-0.615506 -0.625469
-0.609828 -0.685623
-0.581506 -0.469390
-0.580031 0.455643
-0.579720 0.338192
-0.578042 -0.355328
-0.578040 0.224383
-0.575390 -0.123134
-0.575245 0.569377
-0.575172 -0.238737
-0.574158 0.108840
-0.574080 -0.007471
-0.571123 -0.574817
-0.549447 0.704191
-0.525540 0.396436
-0.524267 0.636714
-0.523860 0.281013
-0.523755 -0.411783
-0.523615 0.512508
-0.521423 -0.297009
-0.520955 0.166478
-0.520863 -0.521352
-0.520033 -0.180880
-0.519907 -0.065303
-0.519322 0.050614
-0.517963 -0.712934
-0.516244 -0.639406
-0.471177 0.574153
-0.470732 0.452905
-0.469693 0.338279
-0.467314 0.223608
-0.466955 -0.354167
-0.466004 -0.466426
-0.465522 -0.238935
-0.465187 -0.123058
-0.464889 0.108464
-0.464580 -0.007366
-0.463501 -0.580559
-0.458418 0.727811
-0.439269 -0.678988
-0.436543 0.676683
-0.418308 0.510504
-0.415054 0.394633
-0.413235 0.280731
-0.410918 0.165998
-0.410881 -0.296488
-0.410581 -0.410344
-0.410238 -0.180969
-0.410004 -0.065226
-0.409789 0.050512
-0.409637 -0.738458
-0.409124 -0.523933
-0.405371 0.624860
-0.395400 -0.628937
-0.369248 0.746270
-0.361921 0.562394
-0.361387 0.451060
-0.358529 0.337284
-0.356810 0.223329
-0.355372 -0.238717
-0.355253 -0.123083
-0.355232 -0.353539
-0.355188 0.108241
-0.354911 -0.007372
-0.353996 -0.467690
-0.345740 -0.577177
-0.335939 -0.691889
-0.331498 0.688969
-0.306177 0.617091
-0.305806 0.504564
-0.303982 -0.757045
-0.303879 0.393619
-0.302086 0.280246
-0.300803 0.165808
-0.300271 -0.180888
-0.300189 -0.065229
-0.300097 -0.296248
-0.300077 0.050430
-0.299131 -0.411103
-0.294226 -0.523546
-0.287389 -0.638530
-0.275369 0.761071
-0.250595 0.558388
-0.248049 0.448361
-0.246924 0.336915
-0.246094 0.223078
-0.245348 -0.123048
-0.245345 0.108137
-0.245187 -0.007393
-0.245157 -0.238644
-0.244472 -0.354042
-0.241686 0.659547
-0.241421 -0.468338
-0.236622 -0.584124
-0.235587 -0.704850
-0.216798 0.714799
-0.196858 -0.769999
-0.191972 0.502729
-0.190855 0.280134
-0.190723 0.392739
-0.190564 0.165656
-0.190391 -0.065209
-0.190335 -0.180875
-0.190306 0.050395
-0.189897 -0.296570
-0.188450 0.606208
-0.188051 -0.411920
-0.184944 -0.528356
-0.183435 -0.648394
-0.165078 0.772747
-0.136393 0.663391
-0.135530 -0.123049
-0.135445 -0.007381
-0.135441 0.222995
-0.135398 0.108078
-0.135299 -0.238835
-0.134678 0.336765
-0.134288 -0.354676
-0.133777 0.448191
-0.133619 -0.713614
-0.132344 -0.471443
-0.132111 0.553742
-0.131107 -0.590929
-0.104679 0.720416
-0.088467 -0.777367
-0.080662 -0.065204
-0.080624 -0.180994
-0.080501 0.050404
-0.080328 0.165639
-0.080177 -0.296965
-0.079744 -0.654343
-0.079622 0.280083
-0.079116 -0.413720
-0.078406 -0.532565
-0.077518 0.393240
-0.076643 0.609078
-0.074357 0.501924
-0.054829 0.778509
-0.030480 -0.717571
-0.029198 0.666224
-0.026250 -0.594238
-0.025883 -0.123121
-0.025750 -0.239088
-0.025745 -0.007354
-0.025449 0.108124
-0.025339 -0.355605
-0.025084 -0.473651
-0.024825 0.223051
-0.022964 0.337082
-0.018458 0.449164
-0.016736 0.557699
0.002632 0.723041
0.020345 -0.779123
0.024110 -0.655707
0.027567 -0.533776
0.028817 -0.414661
0.028880 -0.181176
0.028919 -0.297485
0.028928 -0.065211
0.029254 0.050474
0.029853 0.165772
0.031293 0.280435
0.034969 0.393938
0.036337 0.614923
0.040546 0.506794
0.055671 0.778487
0.072768 -0.716540
0.078697 -0.593513
0.081911 0.672003
0.082055 -0.473620
0.083248 -0.356099
0.083467 -0.239456
0.083562 -0.123194
0.083849 -0.007294
0.084409 0.108274
0.085525 0.223439
0.088283 0.337881
0.093146 0.451892
0.097628 0.566963
0.110727 0.726272
0.128083 -0.652486
0.128516 -0.775304
0.134057 -0.531962
0.137190 -0.414576
0.137876 -0.297952
0.138104 -0.181342
0.138355 -0.065190
0.138893 0.050621
0.139779 0.166101
0.141724 0.281281
0.145646 0.396102
0.150111 0.511581
0.151144 0.630451
0.170571 0.772307
0.175049 -0.710688
0.184418 -0.589292
0.190577 -0.472482
0.192282 -0.356521
0.192405 -0.239660
0.192805 -0.123229
0.193292 -0.007173
0.194067 0.108558
0.195348 0.224094
0.198092 0.698474
0.198266 0.339803
0.202541 0.455501
0.204071 0.573151
0.232519 -0.645374
0.235122 -0.766031
0.242914 -0.529399
0.246631 -0.298109
0.246890 -0.415000
0.247167 -0.181398
0.247599 -0.065091
0.248355 0.050840
0.249339 0.166615
0.250979 0.282610
0.253058 0.635952
0.254818 0.399404
0.257912 0.515882
0.268953 0.761916
0.275838 -0.700606
0.293499 -0.584906
0.297830 0.695805
0.301121 -0.356602
0.301210 -0.239703
0.301707 -0.473315
0.301879 -0.123116
0.302590 -0.006984
0.303432 0.108900
0.304410 0.225040
0.306529 0.341956
0.310353 0.576074
0.311146 0.460172
0.339804 -0.751409
0.340772 -0.638586
0.355280 -0.298215
0.356100 -0.181185
0.356123 -0.414999
0.356299 -0.531690
0.356718 -0.064897
0.357652 0.051095
0.358370 0.167133
0.359141 0.284121
0.359417 0.633047
0.361957 0.402184
0.367295 0.521794
0.371991 0.745767
0.379177 -0.690505
0.401212 0.685707
0.409681 -0.239356
0.409978 -0.356962
0.410073 -0.590996
0.410919 -0.122830
0.411371 -0.473111
0.411793 -0.006744
0.412543 0.109194
0.412606 0.225707
0.413676 0.344024
0.417469 0.462931
0.423711 0.583631
0.446170 -0.730612
0.459893 -0.653397
0.463222 -0.297786
0.465114 -0.180735
0.465321 -0.530810
0.465794 -0.064524
0.465823 -0.415929
0.466091 0.284806
0.466884 0.051279
0.467104 0.167333
0.468470 0.404699
0.473496 0.523276
0.478416 0.647030
0.478765 0.722966
0.515754 -0.587915
0.517604 -0.356424
0.517992 -0.238806
0.519285 0.344406
0.519971 -0.122245
0.520341 0.225661
0.521113 -0.006323
0.521613 0.109024
0.522680 -0.475165
0.524496 0.465949
0.528689 0.582142
0.536153 -0.707959
0.560262 -0.640856
0.569482 0.698298
0.570891 -0.297409
0.572521 0.284424
0.572800 0.404163
0.573431 -0.414869
0.574225 -0.179876
0.574878 -0.063669
0.575795 0.166427
0.576612 0.051331
0.578300 0.636185
0.578421 -0.535225
0.583146 0.527809
0.624756 0.343602
0.625491 -0.356501
0.625681 -0.237851
0.627285 0.463442
0.627485 0.223661
0.628938 -0.120824
0.629482 -0.679043
0.630026 -0.472116
0.631072 -0.005679
0.631439 0.108270
0.633896 -0.596430
0.645664 0.590134
0.667453 0.665540
0.677354 -0.296839
0.677567 0.280988
0.678108 0.402946
0.682179 -0.526528
0.683213 -0.177527
0.683437 -0.415568
0.683647 0.520603
0.684370 -0.062376
0.685600 0.164501
0.687604 0.051233
0.708607 -0.649665
0.727775 0.337937
0.730364 -0.574856
0.731315 -0.234357
0.731902 -0.356746
0.734293 0.462053
0.735393 0.220505
0.738625 -0.118831
0.740755 0.571274
0.742221 -0.004957
0.742775 0.107100
0.745537 -0.473287
0.749760 0.632407
0.778498 0.393445
0.779927 -0.291853
0.783871 0.276862
0.786007 -0.615968
0.792222 -0.417186
0.793908 -0.174283
0.794507 -0.061136
0.797392 0.162153
0.798179 0.519655
0.800497 0.050977
0.804171 -0.527476
0.829830 0.446027
0.831334 -0.348596
0.834428 0.332937
0.836806 -0.229815
0.837864 0.590229
0.844067 0.217388
0.849884 -0.117357
0.854738 -0.004299
0.855869 0.105744
0.858153 -0.579382
0.863631 -0.476614
0.884147 -0.286576
0.884855 0.492431
0.886359 -0.402329
0.887335 0.387584
0.891186 0.274205
0.904438 -0.060533
0.908477 -0.171734
0.911121 0.548756
0.911477 0.159384
0.915842 0.050941
0.927512 -0.538538
0.937448 -0.342492
0.941639 -0.226543
0.943926 0.331329
0.944000 0.439006
0.947810 -0.445428
0.951133 0.214609
0.962657 -0.117501
0.967839 -0.002726
0.971092 0.103660
0.987912 0.497363
0.990311 -0.286214
0.990857 -0.495199
0.996918 0.273494
1.000972 -0.389524
1.001443 0.386802
1.010671 -0.058560
1.027500 0.156196
1.028714 -0.172077
1.036079 0.049882
1.039835 -0.229972
1.052509 0.213354
1.053406 0.332359
1.053522 -0.334780
1.054109 0.444449
1.057260 -0.441681
1.072304 -0.115735
1.082480 -0.001074
1.086855 0.099115
1.099756 0.275688
1.104275 -0.277513
1.111913 -0.058158
1.112480 0.388472
1.114682 -0.386138
1.134721 -0.211956
1.142309 0.157903
1.146264 0.216987
1.151346 -0.154551
1.162987 0.329454
1.165022 -0.326792
1.165639 0.040754
1.187428 0.100055
1.187591 -0.093911
1.194664 -0.021303
1.205414 0.267384
1.208350 -0.262452
1.240240 0.200232
1.241242 -0.197930
1.262595 0.139518
1.264263 -0.133834
1.278155 0.069928
1.279153 -0.062844
1.283272 0.007637
