-1.299306 0.025133
-1.297884 -0.043871
-1.291780 0.086367
-1.287144 -0.107915
-1.273243 0.155265
-1.268982 -0.167033
-1.246014 0.219374
-1.238500 -0.233797
-1.215648 -0.007777
-1.209827 0.281496
-1.202925 0.110259
-1.200260 -0.295489
-1.194217 -0.069012
-1.185245 0.050634
-1.174851 -0.184266
-1.168860 0.170288
-1.164813 0.341564
-1.162053 -0.125411
-1.153593 -0.354646
-1.136344 0.228840
-1.130469 -0.242279
-1.120204 -0.009945
-1.111298 0.399142
-1.108672 0.108116
-1.098662 -0.411207
-1.096894 0.286190
-1.087905 -0.298705
-1.086275 -0.069472
-1.077419 -0.179771
-1.073881 0.048738
-1.067558 0.168905
-1.049825 0.341812
-1.049794 0.453708
-1.039285 -0.123605
-1.039192 -0.353364
-1.035786 -0.464844
-1.028873 0.227756
-1.025529 -0.238633
-1.017762 -0.010418
-1.009064 0.108128
-0.995375 0.395076
-0.984640 0.284566
-0.983877 -0.405775
-0.980845 0.504850
-0.976833 -0.295604
-0.973835 -0.067667
-0.970766 -0.179697
-0.964978 -0.515444
-0.964814 0.048812
-0.963640 0.168171
-0.934285 0.445511
-0.933644 0.339227
-0.923480 -0.350498
-0.922899 -0.455929
-0.922001 -0.123017
-0.919864 0.226292
-0.916668 -0.237375
-0.910882 -0.009228
-0.905823 0.108194
-0.904640 0.552432
-0.882862 -0.564633
-0.875865 0.391740
-0.871370 0.282369
-0.867647 0.493155
-0.864753 -0.404058
-0.864104 -0.293722
-0.861559 -0.066276
-0.860904 -0.179404
-0.860562 -0.507821
-0.857305 0.167243
-0.855892 0.049480
-0.817963 0.597878
-0.816973 0.336543
-0.812061 0.442681
-0.809375 0.224578
-0.808205 -0.348936
-0.807777 -0.122400
-0.805778 -0.236341
-0.805731 -0.603665
-0.804898 -0.460212
-0.802014 -0.008284
-0.799642 0.108157
-0.799285 0.542037
-0.768150 -0.530833
-0.757438 0.280152
-0.757084 0.389499
-0.751141 -0.405606
-0.751029 -0.292633
-0.749757 -0.178927
-0.749714 -0.065334
-0.748836 0.166226
-0.746568 0.049881
-0.746296 0.495867
-0.736702 0.633791
-0.717695 -0.641381
-0.704175 0.565288
-0.703648 -0.468830
-0.702043 -0.575663
-0.700913 0.334545
-0.697755 0.222885
-0.695524 -0.349444
-0.695041 0.444287
-0.694967 -0.121869
-0.694088 -0.235706
-0.692090 -0.007684
-0.691369 0.107861
-0.648328 -0.520113
-0.643809 -0.409014
-0.643595 0.278335
-0.643130 0.508133
-0.642867 0.668593
-0.642131 0.389870
-0.639056 -0.292704
-0.638780 0.165187
-0.638202 -0.178592
-0.638116 -0.064752
-0.636614 0.050008
-0.633516 0.611380
-0.623500 -0.617450
-0.617748 -0.676833
-0.589058 -0.463372
-0.587564 0.449801
-0.587249 0.333856
-0.585549 -0.350773
-0.585547 0.221506
-0.582863 -0.121555
-0.582716 0.562077
-0.582642 -0.235676
-0.581615 0.107444
-0.581536 -0.007375
-0.578540 -0.567448
-0.556583 0.695163
-0.532365 0.391353
-0.531076 0.628551
-0.530664 0.277410
-0.530557 -0.406503
-0.530415 0.505938
-0.528195 -0.293201
-0.527721 0.164344
-0.527627 -0.514668
-0.526787 -0.178561
-0.526659 -0.064466
-0.526066 0.049965
-0.524690 -0.703794
-0.522948 -0.631208
-0.477297 0.566792
-0.476845 0.447099
-0.475793 0.333942
-0.473383 0.220741
-0.473020 -0.349626
-0.472056 -0.460446
-0.471567 -0.235871
-0.471228 -0.121481
-0.470926 0.107073
-0.470613 -0.007271
-0.469520 -0.573116
-0.464371 0.718480
-0.444973 -0.670283
-0.442213 0.668008
-0.423740 0.503959
-0.420444 0.389573
-0.418602 0.277132
-0.416255 0.163870
-0.416218 -0.292687
-0.415913 -0.405083
-0.415566 -0.178649
-0.415329 -0.064390
-0.415111 0.049864
-0.414957 -0.728991
-0.414437 -0.517216
-0.410635 0.616849
-0.400535 -0.620874
-0.374043 0.736702
-0.366622 0.555184
-0.366080 0.445277
-0.363186 0.332960
-0.361444 0.220465
-0.359987 -0.235657
-0.359867 -0.121505
-0.359845 -0.349006
-0.359800 0.106853
-0.359520 -0.007277
-0.358593 -0.461694
-0.350231 -0.569777
-0.340301 -0.683019
-0.335803 0.680136
-0.310154 0.609180
-0.309777 0.498095
-0.307930 -0.747340
-0.307826 0.388573
-0.306009 0.276653
-0.304710 0.163683
-0.304171 -0.178569
-0.304088 -0.064393
-0.303994 -0.292450
-0.303974 0.049783
-0.303015 -0.405833
-0.298047 -0.516833
-0.291121 -0.630344
-0.278945 0.751314
-0.253850 0.551230
-0.251271 0.442613
-0.250131 0.332596
-0.249290 0.220218
-0.248534 -0.121470
-0.248531 0.106751
-0.248371 -0.007298
-0.248341 -0.235584
-0.247647 -0.349503
-0.244825 0.651092
-0.244557 -0.462334
-0.239695 -0.576636
-0.238647 -0.695814
-0.219613 0.705634
-0.199415 -0.760127
-0.194466 0.496284
-0.193334 0.276542
-0.193200 0.387704
-0.193039 0.163532
-0.192863 -0.064373
-0.192807 -0.178556
-0.192778 0.049749
-0.192363 -0.292768
-0.190897 0.598436
-0.190493 -0.406639
-0.187346 -0.521582
-0.185818 -0.640081
-0.167221 0.762840
-0.138164 0.654886
-0.137290 -0.121471
-0.137204 -0.007286
-0.137200 0.220136
-0.137156 0.106692
-0.137056 -0.235773
-0.136427 0.332448
-0.136032 -0.350128
-0.135515 0.442445
-0.135354 -0.704465
-0.134062 -0.465399
-0.133827 0.546643
-0.132810 -0.583353
-0.106038 0.711180
-0.089616 -0.767401
-0.081710 -0.064368
-0.081671 -0.178673
-0.081546 0.049758
-0.081372 0.163515
-0.081218 -0.293157
-0.080779 -0.645954
-0.080656 0.276492
-0.080143 -0.408415
-0.079424 -0.525737
-0.078525 0.388199
-0.077638 0.601269
-0.075323 0.495489
-0.055541 0.768528
-0.030876 -0.708372
-0.029577 0.657683
-0.026591 -0.586620
-0.026220 -0.121543
-0.026084 -0.236023
-0.026079 -0.007260
-0.025779 0.106738
-0.025668 -0.351046
-0.025410 -0.467578
-0.025147 0.220192
-0.023262 0.332760
-0.018698 0.443406
-0.016953 0.550549
0.002666 0.713771
0.020609 -0.769134
0.024423 -0.647300
0.027925 -0.526933
0.029191 -0.409344
0.029255 -0.178853
0.029294 -0.293671
0.029304 -0.064375
0.029634 0.049827
0.030241 0.163647
0.031700 0.276840
0.035423 0.388887
0.036808 0.607039
0.041072 0.500297
0.056394 0.768507
0.073714 -0.707354
0.079719 -0.585904
0.082974 0.663388
0.083121 -0.467548
0.084329 -0.351534
0.084551 -0.236386
0.084647 -0.121615
0.084938 -0.007200
0.085505 0.106886
0.086636 0.220574
0.089430 0.333549
0.094356 0.446098
0.098896 0.559694
0.112165 0.716961
0.129747 -0.644121
0.130185 -0.765364
0.135798 -0.525142
0.138972 -0.409261
0.139667 -0.294132
0.139898 -0.179017
0.140151 -0.064355
0.140697 0.049972
0.141595 0.163971
0.143565 0.277674
0.147538 0.391024
0.152060 0.505022
0.153107 0.622368
0.172786 0.762406
0.177322 -0.701576
0.186813 -0.581737
0.193052 -0.466425
0.194780 -0.351950
0.194903 -0.236587
0.195309 -0.121649
0.195802 -0.007081
0.196587 0.107166
0.197885 0.221221
0.200664 0.689520
0.200841 0.335446
0.205171 0.449662
0.206721 0.565803
0.235539 -0.637100
0.238175 -0.756210
0.246069 -0.522611
0.249834 -0.294287
0.250096 -0.409679
0.250377 -0.179072
0.250814 -0.064257
0.251580 0.050188
0.252577 0.164479
0.254238 0.278987
0.256345 0.627799
0.258128 0.394283
0.261261 0.509268
0.272446 0.752148
0.279420 -0.691624
0.297310 -0.577407
0.301698 0.686885
0.305032 -0.352031
0.305122 -0.236630
0.305626 -0.467246
0.305799 -0.121537
0.306519 -0.006895
0.307373 0.107504
0.308363 0.222155
0.310510 0.337572
0.314384 0.568688
0.315187 0.454273
0.344217 -0.741776
0.345198 -0.630399
0.359894 -0.294391
0.360725 -0.178862
0.360748 -0.409678
0.360926 -0.524873
0.361351 -0.064065
0.362297 0.050440
0.363024 0.164990
0.363805 0.280478
0.364085 0.624931
0.366658 0.397027
0.372065 0.515105
0.376822 0.736206
0.384102 -0.681652
0.406423 0.676916
0.415002 -0.236287
0.415302 -0.352386
0.415399 -0.583419
0.416256 -0.121255
0.416713 -0.467046
0.417141 -0.006657
0.417901 0.107794
0.417964 0.222813
0.419049 0.339613
0.422891 0.456996
0.429214 0.576148
0.451964 -0.721245
0.465866 -0.645021
0.469238 -0.293969
0.471154 -0.178418
0.471365 -0.524004
0.471843 -0.063697
0.471873 -0.410597
0.472144 0.281155
0.472947 0.050622
0.473170 0.165188
0.474554 0.399511
0.479645 0.516568
0.484629 0.638735
0.484982 0.713697
0.522452 -0.580378
0.524326 -0.351855
0.524719 -0.235744
0.526029 0.339991
0.526723 -0.120678
0.527099 0.222768
0.527880 -0.006242
0.528387 0.107626
0.529468 -0.469073
0.531308 0.459975
0.535556 0.574678
0.543116 -0.698883
0.567538 -0.632640
0.576878 0.689346
0.578305 -0.293596
0.579956 0.280777
0.580239 0.398981
0.580878 -0.409550
0.581683 -0.177570
0.582343 -0.062853
0.583273 0.164293
0.584100 0.050672
0.585810 0.628029
0.585933 -0.528363
0.590720 0.521042
0.632869 0.339197
0.633615 -0.351931
0.633807 -0.234802
0.635432 0.457500
0.635635 0.220793
0.637106 -0.119275
0.637657 -0.670337
0.638209 -0.466063
0.639268 -0.005606
0.639639 0.106881
0.642128 -0.588783
0.654050 0.582568
0.676121 0.657007
0.686151 -0.293033
0.686367 0.277386
0.686914 0.397780
0.691038 -0.519778
0.692086 -0.175251
0.692313 -0.410240
0.692526 0.513928
0.693258 -0.061576
0.694503 0.162392
0.696534 0.050577
0.717810 -0.641336
0.737227 0.333604
0.739849 -0.567486
0.740813 -0.231352
0.741407 -0.352173
0.743829 0.456129
0.744943 0.217678
0.748218 -0.117308
0.750375 0.563950
0.751861 -0.004893
0.752422 0.105727
0.755220 -0.467220
0.759497 0.624299
0.788609 0.388401
0.790056 -0.288111
0.794051 0.273313
0.796215 -0.608071
0.802511 -0.411837
0.804218 -0.172049
0.804825 -0.060353
0.807748 0.160074
0.808545 0.512993
0.810893 0.050324
0.814615 -0.520714
0.840607 0.440309
0.842131 -0.344127
0.845264 0.328669
0.847673 -0.226869
0.848745 0.582662
0.855029 0.214601
0.860922 -0.115852
0.865838 -0.004244
0.866984 0.104388
0.869298 -0.571954
0.874847 -0.470504
0.895630 -0.282901
0.896347 0.486118
0.897870 -0.397171
0.898859 0.382615
0.902759 0.270690
0.916184 -0.059757
0.920275 -0.169532
0.922954 0.541721
0.923315 0.157341
0.927736 0.050288
0.939557 -0.531634
0.949623 -0.338101
0.953868 -0.223639
0.956185 0.327081
0.956259 0.433377
0.960119 -0.439717
0.963485 0.211858
0.975159 -0.115995
0.980408 -0.002691
0.983704 0.102331
1.000742 0.490987
1.003172 -0.282545
1.003725 -0.488851
1.009865 0.269988
1.013971 -0.384530
1.014448 0.381843
1.023797 -0.057810
1.040844 0.154194
1.042074 -0.169870
1.049535 0.049242
1.053339 -0.227024
1.066178 0.210619
1.067087 0.328098
1.067204 -0.330488
1.067799 0.438751
1.070991 -0.436018
1.086230 -0.114251
1.096539 -0.001060
1.100970 0.097844
1.114038 0.272154
1.118616 -0.273955
1.126353 -0.057412
1.126928 0.383491
1.129158 -0.381187
1.149458 -0.209238
1.157145 0.155879
1.161151 0.214205
1.166299 -0.152570
1.178090 0.325230
1.180152 -0.322602
1.180777 0.040232
1.202849 0.098772
1.203014 -0.092707
1.210179 -0.021030
1.221068 0.263956
1.224043 -0.259087
1.256347 0.197665
1.257362 -0.195392
1.278993 0.137729
1.280682 -0.132118
1.294755 0.069031
1.295765 -0.062038
1.299938 0.007540
