-1.349279 0.024202
-1.347803 -0.042246
-1.341464 0.083168
-1.336649 -0.103918
-1.322214 0.149514
-1.317789 -0.160846
-1.293937 0.211250
-1.286135 -0.225138
-1.262404 -0.007489
-1.256359 0.271070
-1.249191 0.106175
-1.246424 -0.284545
-1.240148 -0.066456
-1.230831 0.048759
-1.220038 -0.177442
-1.213816 0.163981
-1.209614 0.328914
-1.206747 -0.120766
-1.197962 -0.341511
-1.180050 0.220365
-1.173949 -0.233305
-1.163289 -0.009576
-1.154040 0.384359
-1.151313 0.104111
-1.140918 -0.395977
-1.139082 0.275590
-1.129747 -0.287642
-1.128055 -0.066899
-1.118858 -0.173113
-1.115184 0.046933
-1.108618 0.162650
-1.090203 0.329152
-1.090171 0.436904
-1.079257 -0.119027
-1.079161 -0.340276
-1.075624 -0.447628
-1.068445 0.219321
-1.064973 -0.229795
-1.056907 -0.010032
-1.047874 0.104123
-1.033658 0.380443
-1.022511 0.274026
-1.021718 -0.390746
-1.018569 0.486152
-1.014404 -0.284656
-1.011290 -0.065161
-1.008103 -0.173042
-1.002093 -0.496354
-1.001923 0.047004
-1.000703 0.161943
-0.970219 0.429010
-0.969553 0.326663
-0.958998 -0.337516
-0.958395 -0.439042
-0.957462 -0.118461
-0.955243 0.217911
-0.951924 -0.228583
-0.945916 -0.008886
-0.940663 0.104186
-0.939434 0.531971
-0.916819 -0.543721
-0.909553 0.377232
-0.904884 0.271911
-0.901018 0.474890
-0.898013 -0.389092
-0.897339 -0.282843
-0.894696 -0.063821
-0.894015 -0.172759
-0.893660 -0.489013
-0.890278 0.161049
-0.888811 0.047647
-0.849423 0.575734
-0.848395 0.324078
-0.843294 0.426286
-0.840505 0.216261
-0.839290 -0.336012
-0.838846 -0.117866
-0.836769 -0.227587
-0.836721 -0.581307
-0.835856 -0.443167
-0.832860 -0.007977
-0.830398 0.104151
-0.830027 0.521962
-0.797694 -0.511172
-0.786571 0.269776
-0.786202 0.375073
-0.780031 -0.390583
-0.779915 -0.281795
-0.778594 -0.172300
-0.778549 -0.062914
-0.777638 0.160069
-0.775282 0.048034
-0.775000 0.477502
-0.765036 0.610318
-0.745299 -0.617626
-0.731258 0.544352
-0.730711 -0.451466
-0.729045 -0.554342
-0.727871 0.322155
-0.724592 0.214630
-0.722275 -0.336501
-0.721773 0.427832
-0.721696 -0.117356
-0.720784 -0.226976
-0.718709 -0.007400
-0.717960 0.103866
-0.673264 -0.500849
-0.668571 -0.393865
-0.668348 0.268026
-0.667866 0.489313
-0.667592 0.643830
-0.666828 0.375430
-0.663635 -0.281863
-0.663349 0.159069
-0.662748 -0.171977
-0.662659 -0.062354
-0.661100 0.048156
-0.657882 0.588736
-0.647481 -0.594581
-0.641507 -0.651765
-0.611714 -0.446210
-0.610163 0.433142
-0.609836 0.321491
-0.608070 -0.337781
-0.608068 0.213302
-0.605281 -0.117053
-0.605128 0.541259
-0.605051 -0.226947
-0.603984 0.103465
-0.603902 -0.007102
-0.600792 -0.546431
-0.577990 0.669416
-0.552841 0.376859
-0.551502 0.605271
-0.551074 0.267136
-0.550963 -0.391448
-0.550816 0.487199
-0.548510 -0.282342
-0.548018 0.158257
-0.547921 -0.495606
-0.547048 -0.171947
-0.546915 -0.062078
-0.546300 0.048115
-0.544870 -0.677728
-0.543062 -0.607830
-0.495654 0.545800
-0.495186 0.430540
-0.494093 0.321573
-0.491590 0.212565
-0.491213 -0.336677
-0.490212 -0.443392
-0.489705 -0.227135
-0.489352 -0.116981
-0.489039 0.103108
-0.488714 -0.007002
-0.487578 -0.551890
-0.482232 0.691870
-0.462088 -0.645458
-0.459221 0.643267
-0.440038 0.485294
-0.436615 0.375145
-0.434702 0.266868
-0.432265 0.157801
-0.432226 -0.281847
-0.431910 -0.390080
-0.431549 -0.172032
-0.431303 -0.062005
-0.431077 0.048017
-0.430917 -0.701991
-0.430377 -0.498060
-0.426429 0.594002
-0.415941 -0.597879
-0.388430 0.709417
-0.380722 0.534621
-0.380161 0.428785
-0.377154 0.320628
-0.375346 0.212300
-0.373833 -0.226929
-0.373708 -0.117005
-0.373686 -0.336080
-0.373639 0.102896
-0.373348 -0.007008
-0.372385 -0.444594
-0.363701 -0.548674
-0.353390 -0.657722
-0.348719 0.654946
-0.322082 0.586618
-0.321692 0.479647
-0.319773 -0.719660
-0.319665 0.374181
-0.317779 0.266406
-0.316429 0.157620
-0.315870 -0.171956
-0.315783 -0.062008
-0.315686 -0.281619
-0.315665 0.047939
-0.314670 -0.390802
-0.309510 -0.497691
-0.302318 -0.606998
-0.289674 0.723487
-0.263613 0.530814
-0.260935 0.426220
-0.259751 0.320277
-0.258878 0.212062
-0.258093 -0.116971
-0.258090 0.102797
-0.257924 -0.007028
-0.257893 -0.226859
-0.257172 -0.336559
-0.254241 0.626977
-0.253963 -0.445210
-0.248914 -0.555279
-0.247825 -0.670043
-0.228060 0.679500
-0.207084 -0.731974
-0.201945 0.477903
-0.200769 0.266300
-0.200630 0.373344
-0.200464 0.157476
-0.200281 -0.061989
-0.200223 -0.171943
-0.200192 0.047907
-0.199762 -0.281924
-0.198239 0.576272
-0.197820 -0.391578
-0.194552 -0.502264
-0.192964 -0.616374
-0.173653 0.734587
-0.143478 0.630631
-0.142570 -0.116972
-0.142482 -0.007017
-0.142477 0.211982
-0.142432 0.102741
-0.142328 -0.227040
-0.141674 0.320135
-0.141265 -0.337161
-0.140727 0.426058
-0.140560 -0.678374
-0.139219 -0.448162
-0.138974 0.526397
-0.137918 -0.561747
-0.110117 0.684840
-0.093063 -0.738979
-0.084853 -0.061984
-0.084812 -0.172056
-0.084683 0.047915
-0.084501 0.157459
-0.084342 -0.282300
-0.083886 -0.622030
-0.083758 0.266251
-0.083226 -0.393289
-0.082479 -0.506266
-0.081545 0.373821
-0.080624 0.579000
-0.078220 0.477137
-0.057678 0.740064
-0.032064 -0.682136
-0.030714 0.633324
-0.027614 -0.564893
-0.027228 -0.117041
-0.027088 -0.227281
-0.027082 -0.006991
-0.026771 0.102785
-0.026655 -0.338044
-0.026387 -0.450260
-0.026115 0.212036
-0.024157 0.320436
-0.019417 0.426983
-0.017605 0.530159
0.002768 0.687335
0.021402 -0.740648
0.025362 -0.623326
0.028999 -0.507417
0.030314 -0.394184
0.030380 -0.172229
0.030421 -0.282794
0.030431 -0.061991
0.030774 0.047981
0.031404 0.157586
0.032919 0.266587
0.036786 0.374484
0.038224 0.584556
0.042652 0.481767
0.058563 0.740043
0.076549 -0.681156
0.082785 -0.564203
0.086166 0.638818
0.086318 -0.450231
0.087573 -0.338514
0.087803 -0.227631
0.087903 -0.117110
0.088205 -0.006933
0.088793 0.102927
0.089968 0.212405
0.092870 0.321195
0.097985 0.429576
0.102700 0.538965
0.116479 0.690407
0.134737 -0.620265
0.135193 -0.737017
0.141021 -0.505693
0.144317 -0.394103
0.145039 -0.283238
0.145279 -0.172387
0.145542 -0.061971
0.146109 0.048121
0.147041 0.157898
0.149086 0.267390
0.153212 0.376541
0.157909 0.486317
0.158996 0.599318
0.179431 0.734169
0.184143 -0.675592
0.193998 -0.560191
0.200478 -0.449150
0.202271 -0.338915
0.202400 -0.227825
0.202821 -0.117143
0.203333 -0.006818
0.204148 0.103197
0.205496 0.213028
0.208382 0.663982
0.208565 0.323022
0.213063 0.433008
0.214672 0.544847
0.244598 -0.613504
0.247336 -0.728203
0.255533 -0.503255
0.259443 -0.283388
0.259715 -0.394506
0.260007 -0.172440
0.260461 -0.061877
0.261256 0.048329
0.262291 0.158387
0.264017 0.268654
0.266204 0.604547
0.268056 0.379680
0.271310 0.490407
0.282925 0.724291
0.290167 -0.666008
0.308745 -0.556021
0.313302 0.661444
0.316764 -0.338992
0.316857 -0.227866
0.317380 -0.449941
0.317561 -0.117036
0.318309 -0.006639
0.319195 0.103522
0.320224 0.213927
0.322453 0.325069
0.326475 0.547626
0.327310 0.437448
0.357456 -0.714302
0.358475 -0.607051
0.373736 -0.283488
0.374599 -0.172237
0.374623 -0.394505
0.374808 -0.505434
0.375249 -0.061692
0.376231 0.048572
0.376986 0.158880
0.377798 0.270090
0.378088 0.601785
0.380760 0.382323
0.386376 0.496027
0.391315 0.708939
0.398875 -0.656406
0.422054 0.651845
0.430964 -0.227536
0.431276 -0.339334
0.431376 -0.561811
0.432265 -0.116764
0.432741 -0.449748
0.433185 -0.006411
0.433974 0.103801
0.434040 0.214561
0.435166 0.327035
0.439156 0.440070
0.445722 0.554810
0.469347 -0.694533
0.483784 -0.621131
0.487285 -0.283081
0.489276 -0.171810
0.489494 -0.504597
0.489991 -0.061338
0.490022 -0.395389
0.490304 0.270742
0.491138 0.048747
0.491369 0.159070
0.492807 0.384714
0.498093 0.497435
0.503269 0.615078
0.503636 0.687264
0.542547 -0.558882
0.544493 -0.338823
0.544901 -0.227013
0.546260 0.327399
0.546982 -0.116208
0.547372 0.214517
0.548184 -0.006011
0.548710 0.103640
0.549832 -0.451700
0.551743 0.442939
0.556154 0.553394
0.564005 -0.672998
0.589367 -0.609209
0.599066 0.663814
0.600548 -0.282722
0.602262 0.270378
0.602556 0.384204
0.603219 -0.394381
0.604055 -0.170993
0.604741 -0.060525
0.605706 0.158208
0.606566 0.048796
0.608341 0.604768
0.608469 -0.508794
0.613440 0.501744
0.657210 0.326634
0.657984 -0.338896
0.658184 -0.226105
0.659871 0.440556
0.660082 0.212616
0.661610 -0.114858
0.662182 -0.645510
0.662755 -0.448802
0.663855 -0.005398
0.664241 0.102923
0.666826 -0.566976
0.679205 0.560991
0.702126 0.632674
0.712541 -0.282180
0.712766 0.267112
0.713334 0.383048
0.717617 -0.500527
0.718705 -0.168760
0.718941 -0.395046
0.719162 0.494894
0.719922 -0.059296
0.721215 0.156377
0.723324 0.048703
0.745418 -0.617583
0.765581 0.321249
0.768305 -0.546468
0.769306 -0.222784
0.769923 -0.339129
0.772438 0.439236
0.773595 0.209615
0.776995 -0.112963
0.779236 0.543063
0.780778 -0.004712
0.781361 0.101811
0.784267 -0.449915
0.788709 0.601177
0.818940 0.374016
0.820442 -0.277440
0.824592 0.263190
0.826838 -0.585549
0.833377 -0.396584
0.835149 -0.165677
0.835780 -0.058117
0.838815 0.154145
0.839643 0.493993
0.842082 0.048460
0.845946 -0.501428
0.872938 0.424001
0.874521 -0.331381
0.877775 0.316496
0.880276 -0.218466
0.881389 0.561082
0.887915 0.206653
0.894034 -0.111561
0.899140 -0.004087
0.900330 0.100522
0.902733 -0.550771
0.908495 -0.453078
0.930077 -0.272424
0.930822 0.468113
0.932403 -0.382461
0.933431 0.368444
0.937481 0.260664
0.951422 -0.057544
0.955670 -0.163253
0.958452 0.521657
0.958827 0.151513
0.963419 0.048425
0.975694 -0.511943
0.986146 -0.325579
0.990556 -0.215356
0.992961 0.314967
0.993039 0.417326
0.997047 -0.423432
1.000542 0.204011
1.012665 -0.111699
1.018116 -0.002591
1.021538 0.098541
1.039233 0.472802
1.041756 -0.272080
1.042330 -0.470745
1.048706 0.259989
1.052970 -0.370288
1.053466 0.367701
1.063173 -0.055668
1.080877 0.148483
1.082154 -0.163579
1.089902 0.047418
1.093852 -0.218616
1.107185 0.202818
1.108128 0.315947
1.108250 -0.318248
1.108868 0.422501
1.112183 -0.419869
1.128008 -0.110020
1.138713 -0.001021
1.143315 0.094220
1.156886 0.262074
1.161640 -0.263809
1.169674 -0.055286
1.170271 0.369288
1.172587 -0.367069
1.193668 -0.201489
1.201650 0.150106
1.205810 0.206271
1.211156 -0.146919
1.223401 0.313185
1.225543 -0.310654
1.226192 0.038741
1.249113 0.095114
1.249284 -0.089273
1.256724 -0.020251
1.268033 0.254179
1.271122 -0.249491
1.304668 0.190344
1.305722 -0.188156
1.328185 0.132628
1.329939 -0.127225
1.344553 0.066475
1.345602 -0.059740
1.349935 0.007260
