-0.998496 0.054826
-0.995434 -0.095455
-0.972811 -0.231599
-0.936736 -0.350036
-0.881415 -0.472343
-0.819451 -0.573150
-0.753006 -0.658013
-0.684741 -0.728787
-0.616647 -0.787240
-0.549696 -0.835365
-0.481419 -0.876491
-0.424356 -0.905495
-0.365747 -0.930714
-0.305155 -0.952303
-0.253179 -0.967419
-0.195967 -0.980611
-0.143131 -0.989704
-0.091686 -0.995788
-0.040949 -0.999161
0.009403 -0.999956
0.059587 -0.998223
0.109864 -0.993947
0.160761 -0.986993
0.214781 -0.976662
0.263104 -0.964767
0.316636 -0.948547
0.365550 -0.930792
0.417555 -0.908652
0.470701 -0.882293
0.527239 -0.849717
0.585025 -0.811015
0.653622 -0.756821
0.721476 -0.692440
0.789815 -0.613345
0.857129 -0.515102
0.914925 -0.403623
0.959743 -0.280879
0.990918 -0.134468
0.999864 0.016482
0.988754 0.149548
0.956327 0.292300
0.913054 0.407838
0.852281 0.523084
0.786807 0.617200
0.718705 0.695315
0.650158 0.759799
0.582432 0.812879
0.513578 0.858043
0.455441 0.890266
0.392820 0.919615
0.339770 0.940509
0.281839 0.959462
0.231994 0.972717
0.176832 0.984241
0.126086 0.992019
0.079278 0.996853
0.025751 0.999668
-0.025357 0.999678
-0.076715 0.997053
-0.129186 0.991620
-0.175348 0.984507
-0.221138 0.975243
-0.270457 0.962732
-0.319771 0.947495
-0.377836 0.925872
-0.433083 0.901354
-0.498744 0.866749
-0.563885 0.825853
-0.631036 0.775754
-0.699650 0.714485
-0.768208 0.640200
-0.834246 0.551393
-0.894470 0.447128
-0.945043 0.326947
-0.982482 0.186357
