-1.066097 0.030630
-1.064930 -0.053468
-1.059922 0.105260
-1.056118 -0.131522
-1.044712 0.189229
-1.041216 -0.203571
-1.022370 0.267363
-1.016205 -0.284940
-0.997455 -0.009478
-0.992679 0.343074
-0.987015 0.134378
-0.984829 -0.360127
-0.979870 -0.084109
-0.972508 0.061710
-0.963980 -0.224575
-0.959065 0.207539
-0.955744 0.416282
-0.953479 -0.152845
-0.946538 -0.432225
-0.932385 0.278899
-0.927564 -0.295277
-0.919142 -0.012120
-0.911834 0.486454
-0.909680 0.131766
-0.901466 -0.501159
-0.900016 0.348794
-0.892640 -0.364047
-0.891303 -0.084669
-0.884036 -0.219096
-0.881133 0.059399
-0.875945 0.205853
-0.861395 0.416583
-0.861370 0.552957
-0.852747 -0.150644
-0.852670 -0.430662
-0.849876 -0.566529
-0.844203 0.277578
-0.841460 -0.290834
-0.835087 -0.012697
-0.827950 0.131781
-0.816718 0.481498
-0.807910 0.346814
-0.807284 -0.494538
-0.804796 0.615286
-0.801504 -0.360267
-0.799044 -0.082469
-0.796526 -0.219006
-0.791777 -0.628198
-0.791643 0.059490
-0.790679 0.204959
-0.766592 0.542966
-0.766067 0.413433
-0.757727 -0.427169
-0.757250 -0.555663
-0.756513 -0.149927
-0.754760 0.275793
-0.752138 -0.289300
-0.747391 -0.011246
-0.743240 0.131861
-0.742269 0.673276
-0.724400 -0.688146
-0.718659 0.477434
-0.714970 0.344137
-0.711915 0.601033
-0.709541 -0.492445
-0.709009 -0.357973
-0.706920 -0.080774
-0.706383 -0.218649
-0.706102 -0.618907
-0.703429 0.203827
-0.702270 0.060303
-0.671149 0.728664
-0.670336 0.410162
-0.666307 0.539518
-0.664103 0.273705
-0.663142 -0.425265
-0.662792 -0.149174
-0.661151 -0.288040
-0.661113 -0.735717
-0.660429 -0.560884
-0.658062 -0.010096
-0.656117 0.131816
-0.655824 0.660608
-0.630277 -0.646952
-0.621488 0.341436
-0.621197 0.474701
-0.616321 -0.494332
-0.616229 -0.356647
-0.615185 -0.218068
-0.615150 -0.079626
-0.614430 0.202588
-0.612569 0.060792
-0.612346 0.604338
-0.604473 0.772433
-0.588878 -0.781683
-0.577784 0.688945
-0.577352 -0.571387
-0.576035 -0.701589
-0.575108 0.407727
-0.572517 0.271641
-0.570687 -0.425885
-0.570290 0.541475
-0.570229 -0.148528
-0.569508 -0.287266
-0.567869 -0.009365
-0.567277 0.131455
-0.531962 -0.633887
-0.528254 -0.498486
-0.528078 0.339221
-0.527696 0.619287
-0.527480 0.814847
-0.526877 0.475154
-0.524354 -0.356733
-0.524127 0.201321
-0.523653 -0.217659
-0.523582 -0.078916
-0.522350 0.060947
-0.519808 0.745119
-0.511590 -0.752517
-0.506870 -0.824890
-0.483330 -0.564734
-0.482104 0.548195
-0.481845 0.406887
-0.480451 -0.427504
-0.480448 0.269961
-0.478247 -0.148145
-0.478126 0.685031
-0.478065 -0.287230
-0.477222 0.130948
-0.477157 -0.008989
-0.474700 -0.691577
-0.456683 0.847230
-0.436813 0.476962
-0.435755 0.766046
-0.435416 0.338093
-0.435329 -0.495426
-0.435213 0.616612
-0.433391 -0.357339
-0.433001 0.200294
-0.432925 -0.627251
-0.432235 -0.217621
-0.432130 -0.078568
-0.431644 0.060895
-0.430515 -0.857749
-0.429086 -0.769285
-0.391628 0.690778
-0.391258 0.544902
-0.390394 0.406991
-0.388417 0.269028
-0.388119 -0.426107
-0.387328 -0.561169
-0.386927 -0.287468
-0.386649 -0.148055
-0.386401 0.130495
-0.386144 -0.008862
-0.385247 -0.698485
-0.381023 0.875648
-0.365106 -0.816908
-0.362841 0.814134
-0.347684 0.614200
-0.344980 0.474793
-0.343468 0.337755
-0.341543 0.199717
-0.341512 -0.356712
-0.341262 -0.493695
-0.340977 -0.217728
-0.340783 -0.078475
-0.340604 0.060772
-0.340478 -0.888458
-0.340051 -0.630357
-0.336932 0.751784
-0.328644 -0.756690
-0.306907 0.897856
-0.300818 0.676630
-0.300374 0.542682
-0.297999 0.405795
-0.296570 0.268692
-0.295374 -0.287207
-0.295276 -0.148084
-0.295258 -0.425352
-0.295221 0.130227
-0.294991 -0.008869
-0.294230 -0.562690
-0.287369 -0.694416
-0.279222 -0.832430
-0.275531 0.828915
-0.254485 0.742438
-0.254176 0.607053
-0.252660 -0.910820
-0.252575 0.473573
-0.251084 0.337171
-0.250018 0.199488
-0.249576 -0.217631
-0.249508 -0.078479
-0.249431 -0.356424
-0.249415 0.060673
-0.248628 -0.494609
-0.244551 -0.629891
-0.238869 -0.768231
-0.228878 0.915664
-0.208287 0.671811
-0.206171 0.539434
-0.205236 0.405351
-0.204545 0.268391
-0.203925 -0.148042
-0.203923 0.130102
-0.203792 -0.008895
-0.203767 -0.287118
-0.203197 -0.425957
-0.200882 0.793518
-0.200662 -0.563469
-0.196673 -0.702775
-0.195813 -0.848023
-0.180195 0.859992
-0.163622 -0.926405
-0.159561 0.604846
-0.158633 0.337036
-0.158523 0.472514
-0.158391 0.199305
-0.158247 -0.078455
-0.158201 -0.217615
-0.158177 0.060632
-0.157836 -0.356811
-0.156633 0.729344
-0.156302 -0.495591
-0.153720 -0.635678
-0.152466 -0.780099
-0.137207 0.929712
-0.113365 0.798142
-0.112648 -0.148043
-0.112578 -0.008880
-0.112575 0.268290
-0.112539 0.130031
-0.112457 -0.287348
-0.111940 0.405171
-0.111616 -0.426719
-0.111191 0.539229
-0.111060 -0.858567
-0.110000 -0.567205
-0.109806 0.666221
-0.108972 -0.710961
-0.087006 0.866751
-0.073531 -0.935270
-0.067044 -0.078449
-0.067012 -0.217758
-0.066910 0.060642
-0.066766 0.199284
-0.066641 -0.357286
-0.066280 -0.787257
-0.066179 0.336974
-0.065759 -0.497756
-0.065168 -0.640742
-0.064430 0.473117
-0.063703 0.732797
-0.061804 0.603877
-0.045572 0.936644
-0.025334 -0.863328
-0.024268 0.801551
-0.021818 -0.714943
-0.021513 -0.148130
-0.021403 -0.287653
-0.021398 -0.008848
-0.021152 0.130087
-0.021061 -0.427837
-0.020849 -0.569861
-0.020634 0.268359
-0.019087 0.405552
-0.015342 0.540400
-0.013910 0.670982
0.002187 0.869909
0.016910 -0.937382
0.020039 -0.788897
0.022913 -0.642199
0.023952 -0.498889
0.024004 -0.217977
0.024036 -0.357911
0.024044 -0.078457
0.024315 0.060727
0.024813 0.199445
0.026010 0.337399
0.029065 0.473956
0.030202 0.739829
0.033700 0.609737
0.046272 0.936617
0.060483 -0.862088
0.065410 -0.714070
0.068081 0.808504
0.068202 -0.569824
0.069193 -0.428432
0.069375 -0.288095
0.069454 -0.148218
0.069693 -0.008775
0.070158 0.130267
0.071086 0.268824
0.073378 0.406513
0.077420 0.543682
0.081145 0.682127
0.092033 0.873797
0.106459 -0.785022
0.106819 -0.932787
0.111424 -0.640017
0.114028 -0.498786
0.114598 -0.358473
0.114788 -0.218177
0.114996 -0.078432
0.115444 0.060904
0.116180 0.199840
0.117797 0.338416
0.121057 0.476560
0.124767 0.615496
0.125626 0.758512
0.141773 0.929182
0.145495 -0.855046
0.153282 -0.708991
0.158402 -0.568455
0.159819 -0.428940
0.159921 -0.288341
0.160254 -0.148259
0.160658 -0.008630
0.161302 0.130609
0.162367 0.269613
0.164648 0.840352
0.164792 0.408825
0.168346 0.548025
0.169617 0.689572
0.193263 -0.776466
0.195426 -0.921631
0.201902 -0.636933
0.204992 -0.358663
0.205207 -0.499296
0.205438 -0.218244
0.205796 -0.078313
0.206425 0.061167
0.207243 0.200459
0.208606 0.340015
0.210334 0.765130
0.211797 0.480533
0.214368 0.620671
0.223545 0.916681
0.229268 -0.842917
0.243947 -0.703715
0.247547 0.837141
0.250282 -0.429037
0.250356 -0.288393
0.250770 -0.569457
0.250912 -0.148124
0.251503 -0.008403
0.252204 0.131020
0.253016 0.270751
0.254777 0.411416
0.257956 0.693089
0.258615 0.553645
0.282434 -0.904039
0.283239 -0.768299
0.295298 -0.358789
0.295980 -0.217988
0.295998 -0.499295
0.296145 -0.639689
0.296493 -0.078079
0.297269 0.061474
0.297866 0.201082
0.298507 0.341833
0.298736 0.761635
0.300848 0.483877
0.305284 0.627784
0.309187 0.897251
0.315160 -0.830764
0.333475 0.824992
0.340514 -0.287975
0.340761 -0.429470
0.340840 -0.711042
0.341543 -0.147780
0.341919 -0.569212
0.342270 -0.008114
0.342893 0.131374
0.342945 0.271554
0.343835 0.413904
0.346987 0.556964
0.352176 0.702181
0.370842 -0.879018
0.382249 -0.786119
0.385016 -0.358274
0.386588 -0.217447
0.386761 -0.638630
0.387153 -0.077630
0.387178 -0.500415
0.387400 0.342658
0.388059 0.061695
0.388242 0.201323
0.389378 0.486904
0.393555 0.629567
0.397645 0.778458
0.397934 0.869818
0.428679 -0.707336
0.430216 -0.428823
0.430539 -0.287313
0.431613 0.414364
0.432183 -0.147076
0.432491 0.271498
0.433133 -0.007608
0.433549 0.131169
0.434435 -0.571683
0.435945 0.560595
0.439430 0.700389
0.445634 -0.851763
0.465673 -0.771030
0.473336 0.840140
0.474507 -0.357820
0.475861 0.342197
0.476094 0.486258
0.476618 -0.499139
0.477278 -0.216413
0.477820 -0.076602
0.478583 0.200232
0.479262 0.061757
0.480665 0.765410
0.480765 -0.643943
0.484693 0.635020
0.519277 0.413396
0.519889 -0.428915
0.520047 -0.286165
0.521380 0.557579
0.521546 0.269092
0.522753 -0.145367
0.523205 -0.816973
0.523658 -0.568015
0.524528 -0.006832
0.524832 0.130262
0.526874 -0.717579
0.536656 0.710005
0.554766 0.800728
0.562995 -0.357134
0.563173 0.338064
0.563622 0.484795
0.567006 -0.633479
0.567866 -0.213587
0.568052 -0.499980
0.568226 0.626350
0.568827 -0.075046
0.569849 0.197915
0.571515 0.061640
0.588972 -0.781629
0.604904 0.406580
0.607056 -0.691624
0.607846 -0.281960
0.608334 -0.429210
0.610321 0.555908
0.611236 0.265295
0.613922 -0.142969
0.615693 0.687314
0.616911 -0.005964
0.617372 0.128855
0.619667 -0.569424
0.623177 0.760865
0.647064 0.473364
0.648251 -0.351135
0.651529 0.333100
0.653304 -0.741086
0.658471 -0.501927
0.659871 -0.209685
0.660369 -0.073555
0.662768 0.195090
0.663421 0.625210
0.665348 0.061332
0.668402 -0.634620
0.689729 0.536626
0.690979 -0.419404
0.693550 0.400565
0.695527 -0.276496
0.696406 0.710119
0.701562 0.261545
0.706397 -0.141195
0.710431 -0.005172
0.711372 0.127223
0.713270 -0.697069
0.717823 -0.573426
0.734876 -0.344786
0.735464 0.592456
0.736714 -0.484052
0.737525 0.466312
0.740726 0.329903
0.751741 -0.072829
0.755097 -0.206617
0.757296 0.660222
0.757591 0.191759
0.761220 0.061288
0.770919 -0.647928
0.779177 -0.412061
0.782661 -0.272560
0.784562 0.398630
0.784623 0.528179
0.787790 -0.535906
0.790552 0.258202
0.800130 -0.141368
0.804437 -0.003280
0.807141 0.124716
0.821122 0.598390
0.823116 -0.344352
0.823569 -0.595787
0.828607 0.329048
0.831976 -0.468646
0.832368 0.465371
0.840038 -0.070455
0.854026 0.187924
0.855035 -0.207030
0.861157 0.060014
0.864278 -0.276685
0.874813 0.256691
0.875558 0.399870
0.875655 -0.402782
0.876142 0.534728
0.878762 -0.531397
0.891266 -0.139243
0.899724 -0.001292
0.903360 0.119247
0.914083 0.331687
0.917839 -0.333883
0.924187 -0.069971
0.924659 0.467380
0.926489 -0.464572
0.943145 -0.255009
0.949452 0.189977
0.952739 0.261062
0.956963 -0.185944
0.966638 0.396374
0.968330 -0.393171
0.968843 0.049032
0.986953 0.120378
0.987088 -0.112986
0.992967 -0.025631
1.001902 0.321696
1.004343 -0.315762
1.030849 0.240904
1.031682 -0.238134
1.049430 0.167857
1.050816 -0.161019
1.062363 0.084132
1.063192 -0.075609
1.066615 0.009189
