-1.232675 0.026491
-1.231326 -0.046243
-1.225535 0.091035
-1.221136 -0.113748
-1.207948 0.163657
-1.203906 -0.176061
-1.182115 0.231233
-1.174987 -0.246435
-1.153307 -0.008198
-1.147785 0.296712
-1.141236 0.116219
-1.138708 -0.311461
-1.132975 -0.072743
-1.124463 0.053371
-1.114602 -0.194227
-1.108919 0.179493
-1.105079 0.360027
-1.102461 -0.132190
-1.094434 -0.373816
-1.078070 0.241210
-1.072496 -0.255375
-1.062758 -0.010482
-1.054308 0.420717
-1.051817 0.113960
-1.042321 -0.433434
-1.040643 0.301659
-1.032115 -0.314851
-1.030569 -0.073227
-1.022166 -0.189488
-1.018810 0.051372
-1.012811 0.178035
-0.995988 0.360288
-0.995959 0.478233
-0.985988 -0.130287
-0.985900 -0.372465
-0.982669 -0.489971
-0.976110 0.240067
-0.972938 -0.251532
-0.965569 -0.010981
-0.957317 0.113973
-0.944330 0.416431
-0.934146 0.299947
-0.933422 -0.427708
-0.930545 0.532139
-0.926739 -0.311583
-0.923894 -0.071325
-0.920983 -0.189411
-0.915492 -0.543306
-0.915337 0.051451
-0.914222 0.177261
-0.886373 0.469592
-0.885765 0.357564
-0.876122 -0.369443
-0.875571 -0.480573
-0.874718 -0.129667
-0.872692 0.238524
-0.869659 -0.250206
-0.864170 -0.009726
-0.859371 0.114042
-0.858248 0.582293
-0.837587 -0.595154
-0.830949 0.412916
-0.826684 0.297632
-0.823152 0.519812
-0.820407 -0.425899
-0.819791 -0.309598
-0.817377 -0.069858
-0.816755 -0.189101
-0.816430 -0.535271
-0.813340 0.176283
-0.812000 0.052154
-0.776016 0.630196
-0.775077 0.354734
-0.770417 0.466610
-0.767869 0.236718
-0.766758 -0.367797
-0.766353 -0.129016
-0.764456 -0.249116
-0.764412 -0.636296
-0.763621 -0.485089
-0.760885 -0.008732
-0.758635 0.114003
-0.758296 0.571337
-0.728758 -0.559526
-0.718595 0.295296
-0.718259 0.410552
-0.712621 -0.427531
-0.712515 -0.308451
-0.711308 -0.188599
-0.711267 -0.068866
-0.710435 0.175211
-0.708283 0.052577
-0.708025 0.522671
-0.698922 0.668050
-0.680890 -0.676050
-0.668063 0.595844
-0.667563 -0.494172
-0.666041 -0.606780
-0.664969 0.352629
-0.661973 0.234933
-0.659856 -0.368333
-0.659398 0.468303
-0.659327 -0.128457
-0.658494 -0.248446
-0.656598 -0.008100
-0.655914 0.113691
-0.615081 -0.548227
-0.610793 -0.431123
-0.610590 0.293380
-0.610149 0.535600
-0.609899 0.704733
-0.609201 0.410944
-0.606284 -0.308526
-0.606022 0.174116
-0.605473 -0.188245
-0.605392 -0.068252
-0.603968 0.052711
-0.601028 0.644427
-0.591526 -0.650825
-0.586068 -0.713419
-0.558850 -0.488419
-0.557433 0.474115
-0.557134 0.351902
-0.555521 -0.369733
-0.555518 0.233479
-0.552973 -0.128126
-0.552833 0.592459
-0.552763 -0.248415
-0.551788 0.113252
-0.551713 -0.007774
-0.548872 -0.598121
-0.528040 0.732740
-0.505065 0.412508
-0.503841 0.662527
-0.503450 0.292405
-0.503349 -0.428477
-0.503215 0.533286
-0.501108 -0.309050
-0.500658 0.173228
-0.500570 -0.542488
-0.499772 -0.188213
-0.499651 -0.067950
-0.499088 0.052666
-0.497783 -0.741837
-0.496130 -0.665327
-0.452820 0.597429
-0.452392 0.471266
-0.451393 0.351993
-0.449107 0.232673
-0.448762 -0.368525
-0.447848 -0.485335
-0.447384 -0.248621
-0.447063 -0.128047
-0.446776 0.112861
-0.446479 -0.007664
-0.445442 -0.604095
-0.440557 0.757317
-0.422154 -0.706515
-0.419535 0.704116
-0.402010 0.531200
-0.398883 0.410631
-0.397135 0.292112
-0.394909 0.172728
-0.394873 -0.308508
-0.394584 -0.426980
-0.394255 -0.188306
-0.394030 -0.067871
-0.393823 0.052560
-0.393677 -0.768396
-0.393184 -0.545174
-0.389577 0.650192
-0.379995 -0.654435
-0.354862 0.776524
-0.347820 0.585194
-0.347307 0.469346
-0.344561 0.350958
-0.342909 0.232382
-0.341526 -0.248395
-0.341412 -0.128073
-0.341392 -0.367872
-0.341349 0.112629
-0.341083 -0.007671
-0.340204 -0.486651
-0.332270 -0.600576
-0.322850 -0.719939
-0.318582 0.716900
-0.294248 0.642109
-0.293891 0.525019
-0.292139 -0.787736
-0.292040 0.409577
-0.290316 0.291607
-0.289083 0.172530
-0.288572 -0.188222
-0.288493 -0.067874
-0.288405 -0.308258
-0.288386 0.052474
-0.287476 -0.427770
-0.282762 -0.544770
-0.276192 -0.664416
-0.264640 0.791925
-0.240832 0.581026
-0.238385 0.466538
-0.237304 0.350574
-0.236506 0.232122
-0.235789 -0.128036
-0.235786 0.112521
-0.235634 -0.007693
-0.235606 -0.248319
-0.234947 -0.368395
-0.232270 0.686286
-0.232015 -0.487325
-0.227403 -0.607805
-0.226408 -0.733425
-0.208351 0.743777
-0.189188 -0.801215
-0.184493 0.523110
-0.183419 0.291491
-0.183292 0.408661
-0.183140 0.172372
-0.182973 -0.067853
-0.182920 -0.188208
-0.182892 0.052438
-0.182498 -0.308593
-0.181107 0.630784
-0.180725 -0.428619
-0.177738 -0.549776
-0.176288 -0.674680
-0.158646 0.804075
-0.131079 0.690285
-0.130250 -0.128037
-0.130168 -0.007680
-0.130165 0.232035
-0.130123 0.112459
-0.130028 -0.248517
-0.129431 0.350418
-0.129056 -0.369054
-0.128565 0.466361
-0.128413 -0.742544
-0.127187 -0.490556
-0.126964 0.576191
-0.125999 -0.614885
-0.100600 0.749622
-0.085020 -0.808882
-0.077520 -0.067848
-0.077482 -0.188331
-0.077364 0.052447
-0.077199 0.172354
-0.077053 -0.309004
-0.076637 -0.680871
-0.076519 0.291437
-0.076033 -0.430492
-0.075351 -0.554156
-0.074498 0.409182
-0.073657 0.633771
-0.071460 0.522272
-0.052693 0.810070
-0.029293 -0.746662
-0.028060 0.693233
-0.025227 -0.618329
-0.024875 -0.128113
-0.024747 -0.248781
-0.024742 -0.007652
-0.024457 0.112508
-0.024352 -0.370021
-0.024107 -0.492853
-0.023858 0.232094
-0.022069 0.350747
-0.017739 0.467373
-0.016084 0.580309
0.002529 0.752353
0.019552 -0.810709
0.023171 -0.682289
0.026493 -0.555416
0.027694 -0.431471
0.027755 -0.188521
0.027792 -0.309545
0.027801 -0.067855
0.028114 0.052520
0.028690 0.172493
0.030074 0.291804
0.033607 0.409908
0.034921 0.639852
0.038966 0.527340
0.053502 0.810048
0.069933 -0.745589
0.075630 -0.617574
0.078719 0.699246
0.078858 -0.492820
0.080005 -0.370535
0.080215 -0.249164
0.080306 -0.128188
0.080582 -0.007589
0.081120 0.112664
0.082193 0.232497
0.084844 0.351578
0.089517 0.470212
0.093824 0.589948
0.106413 0.755716
0.123093 -0.678938
0.123509 -0.806735
0.128834 -0.553528
0.131845 -0.431383
0.132504 -0.310031
0.132724 -0.188694
0.132964 -0.067833
0.133482 0.052673
0.134333 0.172835
0.136202 0.292684
0.139972 0.412160
0.144262 0.532320
0.145255 0.656010
0.163925 0.803617
0.168229 -0.739499
0.177233 -0.613182
0.183152 -0.491637
0.184791 -0.370975
0.184908 -0.249376
0.185293 -0.128224
0.185761 -0.007463
0.186506 0.112959
0.187737 0.233179
0.190374 0.726791
0.190541 0.353579
0.194650 0.473968
0.196120 0.596387
0.223460 -0.671538
0.225961 -0.797087
0.233450 -0.550861
0.237022 -0.310195
0.237270 -0.431824
0.237537 -0.188752
0.237952 -0.067730
0.238679 0.052901
0.239624 0.173370
0.241200 0.294067
0.243199 0.661734
0.244890 0.415596
0.247863 0.536796
0.258474 0.792805
0.265091 -0.729009
0.282064 -0.608618
0.286226 0.724013
0.289389 -0.371059
0.289474 -0.249421
0.289953 -0.492503
0.290117 -0.128107
0.290801 -0.007267
0.291610 0.113315
0.292550 0.234163
0.294586 0.355819
0.298261 0.599428
0.299024 0.478828
0.326565 -0.781872
0.327495 -0.664475
0.341438 -0.310304
0.342226 -0.188530
0.342248 -0.431823
0.342417 -0.553245
0.342820 -0.067528
0.343717 0.053167
0.344407 0.173909
0.345149 0.295639
0.345414 0.658711
0.347855 0.418488
0.352985 0.542948
0.357498 0.776001
0.364404 -0.718498
0.385580 0.713506
0.393720 -0.249060
0.394005 -0.371433
0.394096 -0.614955
0.394909 -0.127809
0.395343 -0.492292
0.395749 -0.007017
0.396470 0.113620
0.396530 0.234857
0.397559 0.357971
0.401204 0.481699
0.407203 0.607291
0.428786 -0.760232
0.441975 -0.679887
0.445174 -0.309859
0.446992 -0.188062
0.447192 -0.552329
0.447646 -0.067140
0.447674 -0.432791
0.447932 0.296353
0.448694 0.053358
0.448905 0.174117
0.450218 0.421106
0.455048 0.544490
0.459776 0.673261
0.460111 0.752275
0.495660 -0.611750
0.497438 -0.370874
0.497811 -0.248487
0.499053 0.358369
0.499712 -0.127201
0.500068 0.234809
0.500810 -0.006580
0.501291 0.113444
0.502316 -0.494428
0.504061 0.484839
0.508091 0.605742
0.515264 -0.736660
0.538434 -0.666837
0.547295 0.726608
0.548648 -0.309466
0.550215 0.295954
0.550483 0.420547
0.551089 -0.431688
0.551853 -0.187168
0.552480 -0.066250
0.553361 0.173174
0.554147 0.053411
0.555769 0.661976
0.555885 -0.556923
0.560426 0.549206
0.600414 0.357532
0.601122 -0.370954
0.601304 -0.247494
0.602845 0.482230
0.603038 0.232728
0.604434 -0.125722
0.604956 -0.706572
0.605480 -0.491256
0.606485 -0.005909
0.606837 0.112659
0.609199 -0.620609
0.620509 0.614058
0.641448 0.692521
0.650963 -0.308873
0.651169 0.292379
0.651688 0.419282
0.655600 -0.547874
0.656595 -0.184724
0.656810 -0.432415
0.657012 0.541708
0.657706 -0.064905
0.658888 0.171170
0.660815 0.053310
0.680999 -0.676003
0.699420 0.351637
0.701908 -0.598161
0.702822 -0.243858
0.703386 -0.371209
0.705684 0.480785
0.706741 0.229444
0.709847 -0.123649
0.711895 0.594434
0.713304 -0.005158
0.713836 0.111442
0.716490 -0.492475
0.720549 0.658045
0.748167 0.409396
0.749540 -0.303684
0.753331 0.288087
0.755383 -0.640939
0.761357 -0.434099
0.762976 -0.181349
0.763552 -0.063615
0.766325 0.168727
0.767081 0.540722
0.769309 0.053044
0.772840 -0.548860
0.797499 0.464109
0.798945 -0.362728
0.801917 0.346435
0.804203 -0.239132
0.805220 0.614157
0.811182 0.226201
0.816772 -0.122115
0.821436 -0.004473
0.822523 0.110031
0.824719 -0.602871
0.829983 -0.495936
0.849700 -0.298193
0.850380 0.512394
0.851825 -0.418640
0.852764 0.403297
0.856464 0.285322
0.869201 -0.062987
0.873081 -0.178696
0.875623 0.571003
0.875965 0.165845
0.880160 0.053006
0.891375 -0.560371
0.900924 -0.356377
0.904952 -0.235727
0.907149 0.344761
0.907220 0.456803
0.910882 -0.463486
0.914075 0.223310
0.925151 -0.122265
0.930131 -0.002837
0.933257 0.107863
0.949422 0.517527
0.951728 -0.297818
0.952252 -0.515275
0.958077 0.284582
0.961973 -0.405316
0.962425 0.402483
0.971294 -0.060934
0.987468 0.162529
0.988634 -0.179053
0.995713 0.051904
0.999322 -0.239295
1.011502 0.222003
1.012364 0.345833
1.012476 -0.348352
1.013040 0.462467
1.016068 -0.459587
1.030526 -0.120427
1.040306 -0.001117
1.044510 0.103133
1.056908 0.286865
1.061251 -0.288764
1.068591 -0.060515
1.069137 0.404220
1.071253 -0.401792
1.090511 -0.220549
1.097804 0.164305
1.101604 0.225783
1.106488 -0.160817
1.117675 0.342810
1.119632 -0.340040
1.120224 0.042406
1.141165 0.104111
1.141321 -0.097718
1.148118 -0.022167
1.158450 0.278223
1.161272 -0.273091
1.191919 0.208349
1.192882 -0.205954
1.213403 0.145174
1.215006 -0.139260
1.228357 0.072763
1.229316 -0.065391
1.233274 0.007947
