-1.249333 0.026138
-1.247965 -0.045626
-1.242096 0.089822
-1.237638 -0.112232
-1.224272 0.161475
-1.220175 -0.173714
-1.198090 0.228149
-1.190865 -0.243149
-1.168892 -0.008088
-1.163296 0.292756
-1.156658 0.114669
-1.154096 -0.307308
-1.148285 -0.071773
-1.139658 0.052660
-1.129665 -0.191637
-1.123904 0.177100
-1.120013 0.355227
-1.117359 -0.130427
-1.109224 -0.368832
-1.092638 0.237994
-1.086989 -0.251970
-1.077119 -0.010343
-1.068556 0.415107
-1.066031 0.112440
-1.056406 -0.427655
-1.054706 0.297637
-1.046062 -0.310653
-1.044495 -0.072251
-1.035979 -0.186962
-1.032578 0.050687
-1.026498 0.175662
-1.009448 0.355485
-1.009418 0.471857
-0.999312 -0.128550
-0.999223 -0.367499
-0.995948 -0.483438
-0.989301 0.236866
-0.986086 -0.248178
-0.978617 -0.010835
-0.970254 0.112453
-0.957091 0.410879
-0.946769 0.295948
-0.946036 -0.422006
-0.943120 0.525044
-0.939263 -0.307428
-0.936379 -0.070374
-0.933428 -0.186885
-0.927864 -0.536062
-0.927706 0.050765
-0.926576 0.174898
-0.898351 0.463331
-0.897735 0.352796
-0.887961 -0.364518
-0.887403 -0.474166
-0.886539 -0.127938
-0.884485 0.235343
-0.881411 -0.246870
-0.875848 -0.009597
-0.870984 0.112521
-0.869846 0.574529
-0.848906 -0.587218
-0.842178 0.407410
-0.837856 0.293663
-0.834276 0.512881
-0.831494 -0.420220
-0.830870 -0.305470
-0.828422 -0.068927
-0.827792 -0.186580
-0.827463 -0.528134
-0.824331 0.173933
-0.822973 0.051459
-0.786503 0.621793
-0.785551 0.350005
-0.780828 0.460389
-0.778246 0.233561
-0.777120 -0.362893
-0.776709 -0.127296
-0.774786 -0.245794
-0.774742 -0.627812
-0.773940 -0.478621
-0.771167 -0.008616
-0.768887 0.112483
-0.768543 0.563719
-0.738606 -0.552066
-0.728306 0.291359
-0.727965 0.405078
-0.722251 -0.421830
-0.722143 -0.304339
-0.720920 -0.186084
-0.720879 -0.067947
-0.720035 0.172875
-0.717854 0.051876
-0.717593 0.515702
-0.708367 0.659143
-0.690092 -0.667036
-0.677091 0.587900
-0.676584 -0.487583
-0.675041 -0.598690
-0.673955 0.347927
-0.670918 0.231800
-0.668773 -0.363422
-0.668308 0.462059
-0.668237 -0.126744
-0.667392 -0.245134
-0.665471 -0.007992
-0.664778 0.112175
-0.623392 -0.540917
-0.619047 -0.425375
-0.618841 0.289468
-0.618394 0.528458
-0.618141 0.695336
-0.617433 0.405464
-0.614477 -0.304412
-0.614212 0.171794
-0.613655 -0.185735
-0.613573 -0.067342
-0.612129 0.052008
-0.609150 0.635835
-0.599519 -0.642148
-0.593988 -0.703906
-0.566402 -0.481907
-0.564965 0.467793
-0.564663 0.347210
-0.563028 -0.364804
-0.563025 0.230366
-0.560445 -0.126417
-0.560303 0.584560
-0.560233 -0.245103
-0.559245 0.111742
-0.559169 -0.007670
-0.556289 -0.590146
-0.535176 0.722970
-0.511890 0.407007
-0.510650 0.653693
-0.510253 0.288506
-0.510151 -0.422763
-0.510015 0.526175
-0.507880 -0.304929
-0.507424 0.170918
-0.507334 -0.535255
-0.506525 -0.185703
-0.506403 -0.067044
-0.505833 0.051964
-0.504509 -0.731946
-0.502835 -0.656456
-0.458939 0.589464
-0.458505 0.464983
-0.457493 0.347299
-0.455176 0.229571
-0.454827 -0.363611
-0.453900 -0.478864
-0.453430 -0.245306
-0.453104 -0.126340
-0.452814 0.111356
-0.452513 -0.007562
-0.451462 -0.596041
-0.446511 0.747220
-0.427859 -0.697095
-0.425205 0.694728
-0.407443 0.524118
-0.404273 0.405156
-0.402502 0.288217
-0.400245 0.170425
-0.400209 -0.304394
-0.399916 -0.421286
-0.399583 -0.185795
-0.399355 -0.066966
-0.399145 0.051859
-0.398997 -0.758151
-0.398497 -0.537905
-0.394842 0.641522
-0.385130 -0.645709
-0.359657 0.766170
-0.352521 0.577391
-0.352000 0.463088
-0.349217 0.346278
-0.347542 0.229284
-0.346141 -0.245083
-0.346026 -0.126365
-0.346005 -0.362967
-0.345962 0.111127
-0.345693 -0.007568
-0.344801 -0.480162
-0.336760 -0.592568
-0.327213 -0.710340
-0.322888 0.707341
-0.298225 0.633547
-0.297863 0.518019
-0.296086 -0.777233
-0.295986 0.404116
-0.294239 0.287719
-0.292990 0.170230
-0.292472 -0.185712
-0.292392 -0.066969
-0.292302 -0.304148
-0.292283 0.051774
-0.291361 -0.422066
-0.286583 -0.537507
-0.279924 -0.655558
-0.268216 0.781366
-0.244086 0.573279
-0.241606 0.460317
-0.240510 0.345900
-0.239702 0.229027
-0.238975 -0.126329
-0.238972 0.111021
-0.238819 -0.007590
-0.238789 -0.245008
-0.238122 -0.363483
-0.235409 0.677135
-0.235151 -0.480827
-0.230476 -0.599701
-0.229468 -0.723646
-0.211166 0.733860
-0.191745 -0.790532
-0.186986 0.516135
-0.185898 0.287604
-0.185769 0.403212
-0.185615 0.170074
-0.185445 -0.066948
-0.185392 -0.185698
-0.185363 0.051739
-0.184964 -0.304478
-0.183555 0.622374
-0.183167 -0.422904
-0.180140 -0.542445
-0.178671 -0.665684
-0.160790 0.793354
-0.132850 0.681082
-0.132010 -0.126330
-0.131927 -0.007578
-0.131924 0.228941
-0.131881 0.110960
-0.131785 -0.245204
-0.131180 0.345746
-0.130800 -0.364134
-0.130303 0.460142
-0.130148 -0.732644
-0.128906 -0.484015
-0.128679 0.568509
-0.127702 -0.606687
-0.101960 0.739628
-0.086169 -0.798097
-0.078567 -0.066943
-0.078529 -0.185820
-0.078410 0.051748
-0.078242 0.170056
-0.078095 -0.304884
-0.077672 -0.671793
-0.077553 0.287552
-0.077061 -0.424752
-0.076369 -0.546767
-0.075504 0.403727
-0.074652 0.625320
-0.072426 0.515308
-0.053405 0.799270
-0.029689 -0.736706
-0.028439 0.683990
-0.025568 -0.610085
-0.025211 -0.126405
-0.025081 -0.245464
-0.025076 -0.007550
-0.024788 0.111008
-0.024681 -0.365088
-0.024433 -0.486281
-0.024180 0.228999
-0.022367 0.346071
-0.017979 0.461142
-0.016301 0.572571
0.002563 0.742322
0.019816 -0.799899
0.023484 -0.673192
0.026851 -0.548010
0.028069 -0.425718
0.028130 -0.186007
0.028168 -0.305418
0.028177 -0.066950
0.028494 0.051820
0.029078 0.170193
0.030481 0.287914
0.034061 0.404443
0.035393 0.631321
0.039493 0.520309
0.054225 0.799247
0.070878 -0.735648
0.076652 -0.609340
0.079783 0.689923
0.079924 -0.486249
0.081086 -0.365595
0.081299 -0.245841
0.081391 -0.126479
0.081671 -0.007488
0.082216 0.111161
0.083304 0.229397
0.085990 0.346891
0.090727 0.463942
0.095092 0.582082
0.107851 0.745640
0.124756 -0.669886
0.125178 -0.795978
0.130575 -0.546148
0.133626 -0.425631
0.134295 -0.305897
0.134517 -0.186178
0.134761 -0.066929
0.135286 0.051971
0.136149 0.170530
0.138043 0.288781
0.141863 0.406665
0.146212 0.525223
0.147218 0.647263
0.166140 0.792902
0.170502 -0.729639
0.179628 -0.605006
0.185627 -0.485082
0.187288 -0.366028
0.187407 -0.246051
0.187797 -0.126515
0.188272 -0.007364
0.189026 0.111453
0.190274 0.230070
0.192947 0.717100
0.193116 0.348864
0.197280 0.467648
0.198770 0.588435
0.226480 -0.662584
0.229015 -0.786459
0.236604 -0.543516
0.240225 -0.306059
0.240477 -0.426066
0.240747 -0.186235
0.241168 -0.066827
0.241904 0.052195
0.242862 0.171058
0.244460 0.290146
0.246485 0.652911
0.248200 0.410055
0.251213 0.529639
0.261967 0.782234
0.268673 -0.719289
0.285875 -0.600503
0.290094 0.714360
0.293300 -0.366112
0.293386 -0.246096
0.293871 -0.485936
0.294038 -0.126399
0.294730 -0.007171
0.295551 0.111804
0.296503 0.231041
0.298567 0.351075
0.302292 0.591436
0.303064 0.472444
0.330978 -0.771447
0.331921 -0.655615
0.346052 -0.306167
0.346851 -0.186016
0.346873 -0.426065
0.347044 -0.545868
0.347453 -0.066627
0.348362 0.052458
0.349061 0.171590
0.349813 0.291697
0.350081 0.649928
0.352556 0.412908
0.357755 0.535709
0.362329 0.765654
0.369329 -0.708918
0.390791 0.703993
0.399040 -0.245739
0.399329 -0.366481
0.399422 -0.606756
0.400246 -0.126105
0.400686 -0.485728
0.401097 -0.006924
0.401828 0.112105
0.401888 0.231726
0.402931 0.353198
0.406626 0.475276
0.412706 0.599194
0.434581 -0.750095
0.447948 -0.670821
0.451190 -0.305727
0.453033 -0.185554
0.453235 -0.544965
0.453695 -0.066245
0.453724 -0.427021
0.453985 0.292401
0.454757 0.052647
0.454971 0.171796
0.456302 0.415491
0.461197 0.537230
0.465990 0.664284
0.466329 0.742245
0.502358 -0.603593
0.504160 -0.365929
0.504538 -0.245174
0.505797 0.353590
0.506465 -0.125505
0.506826 0.231679
0.507577 -0.006492
0.508065 0.111931
0.509104 -0.487836
0.510873 0.478374
0.514957 0.597666
0.522227 -0.726838
0.545710 -0.657945
0.554691 0.716919
0.556063 -0.305340
0.557650 0.292008
0.557922 0.414940
0.558536 -0.425932
0.559310 -0.184673
0.559946 -0.065367
0.560839 0.170865
0.561635 0.052699
0.563279 0.653150
0.563397 -0.549498
0.568000 0.541883
0.608528 0.352765
0.609245 -0.366008
0.609430 -0.244194
0.610992 0.475800
0.611187 0.229625
0.612602 -0.124046
0.613131 -0.697151
0.613662 -0.484706
0.614681 -0.005830
0.615038 0.111157
0.617431 -0.612334
0.628894 0.605871
0.650117 0.683288
0.659760 -0.304755
0.659968 0.288481
0.660494 0.413691
0.664460 -0.540569
0.665468 -0.182261
0.665686 -0.426650
0.665890 0.534485
0.666594 -0.064040
0.667792 0.168887
0.669745 0.052600
0.690202 -0.666990
0.708872 0.346949
0.711394 -0.590186
0.712320 -0.240606
0.712892 -0.366260
0.715220 0.474375
0.716292 0.226385
0.719440 -0.122000
0.721515 0.586508
0.722943 -0.005089
0.723483 0.109956
0.726173 -0.485908
0.730286 0.649271
0.758278 0.403937
0.759669 -0.299635
0.763511 0.284245
0.765591 -0.632393
0.771645 -0.428311
0.773287 -0.178931
0.773870 -0.062767
0.776681 0.166477
0.777447 0.533513
0.779705 0.052337
0.783284 -0.541542
0.808276 0.457921
0.809741 -0.357892
0.812754 0.341816
0.815071 -0.235943
0.816101 0.605968
0.822143 0.223185
0.827809 -0.120486
0.832537 -0.004413
0.833639 0.108564
0.835863 -0.594832
0.841199 -0.489324
0.861183 -0.294218
0.861872 0.505562
0.863336 -0.413058
0.864288 0.397920
0.868038 0.281517
0.880946 -0.062148
0.884880 -0.176313
0.887456 0.563390
0.887802 0.163634
0.892054 0.052299
0.903421 -0.552899
0.913099 -0.351625
0.917181 -0.232584
0.919408 0.340164
0.919480 0.450712
0.923191 -0.457306
0.926428 0.220332
0.937653 -0.120634
0.942700 -0.002799
0.945869 0.106425
0.962252 0.510626
0.964589 -0.293847
0.965120 -0.508405
0.971024 0.280788
0.974972 -0.399911
0.975431 0.397117
0.984420 -0.060122
1.000812 0.160362
1.001994 -0.176665
1.009168 0.051212
1.012826 -0.236105
1.025171 0.219043
1.026045 0.341222
1.026158 -0.343707
1.026729 0.456301
1.029799 -0.453459
1.044452 -0.118821
1.054364 -0.001103
1.058625 0.101758
1.071191 0.283040
1.075592 -0.284914
1.083032 -0.059709
1.083584 0.398831
1.085729 -0.396435
1.105248 -0.217608
1.112639 0.162114
1.116491 0.222773
1.121441 -0.158672
1.132779 0.338239
1.134762 -0.335506
1.135363 0.041841
1.156586 0.102723
1.156744 -0.096415
1.163634 -0.021871
1.174104 0.274514
1.176965 -0.269450
1.208026 0.205571
1.209002 -0.203208
1.229801 0.143238
1.231425 -0.137403
1.244956 0.071793
1.245928 -0.064520
1.249940 0.007841
