-1.216017 0.026854
-1.214686 -0.046876
-1.208974 0.092282
-1.204634 -0.115307
-1.191625 0.165899
-1.187637 -0.178473
-1.166141 0.234400
-1.159109 -0.249811
-1.137722 -0.008310
-1.132274 0.300777
-1.125814 0.117811
-1.123320 -0.315728
-1.117664 -0.073739
-1.109267 0.054102
-1.099540 -0.196887
-1.093933 0.181952
-1.090146 0.364959
-1.087563 -0.134001
-1.079645 -0.378937
-1.063501 0.244514
-1.058003 -0.258873
-1.048396 -0.010626
-1.040061 0.426480
-1.037604 0.115521
-1.028235 -0.439372
-1.026580 0.305792
-1.018167 -0.319164
-1.016642 -0.074230
-1.008353 -0.192084
-1.005042 0.052076
-0.999125 0.180474
-0.982529 0.365224
-0.982500 0.484784
-0.972664 -0.132072
-0.972577 -0.377567
-0.969390 -0.496683
-0.962919 0.243356
-0.959790 -0.254977
-0.952521 -0.011132
-0.944380 0.115534
-0.931569 0.422136
-0.921522 0.304056
-0.920808 -0.433567
-0.917970 0.539429
-0.914216 -0.315851
-0.911409 -0.072302
-0.908537 -0.192005
-0.903121 -0.550749
-0.902967 0.052155
-0.901868 0.179690
-0.874395 0.476025
-0.873795 0.362462
-0.864282 -0.374504
-0.863739 -0.487157
-0.862898 -0.131443
-0.860898 0.241791
-0.857907 -0.253633
-0.852492 -0.009860
-0.847758 0.115604
-0.846650 0.590269
-0.826269 -0.603306
-0.819720 0.418572
-0.815513 0.301709
-0.812028 0.526933
-0.809321 -0.431733
-0.808713 -0.313839
-0.806331 -0.070815
-0.805718 -0.191692
-0.805397 -0.542604
-0.802349 0.178698
-0.801027 0.052869
-0.765529 0.638829
-0.764603 0.359594
-0.760006 0.473002
-0.757492 0.239960
-0.756397 -0.372835
-0.755997 -0.130783
-0.754125 -0.252528
-0.754082 -0.645012
-0.753302 -0.491734
-0.750603 -0.008852
-0.748383 0.115565
-0.748049 0.579163
-0.718910 -0.567191
-0.708885 0.299341
-0.708553 0.416176
-0.702991 -0.433387
-0.702886 -0.312677
-0.701695 -0.191182
-0.701656 -0.069809
-0.700834 0.177611
-0.698711 0.053298
-0.698457 0.529831
-0.689477 0.677202
-0.671689 -0.685311
-0.659035 0.604007
-0.658542 -0.500942
-0.657040 -0.615092
-0.655983 0.357459
-0.653027 0.238151
-0.650939 -0.373378
-0.650487 0.474718
-0.650418 -0.130216
-0.649595 -0.251850
-0.647725 -0.008211
-0.647050 0.115248
-0.606769 -0.555737
-0.602539 -0.437029
-0.602339 0.297399
-0.601904 0.542937
-0.601657 0.714387
-0.600969 0.416573
-0.598091 -0.312752
-0.597833 0.176501
-0.597291 -0.190824
-0.597211 -0.069187
-0.595806 0.053433
-0.592906 0.653255
-0.583532 -0.659741
-0.578148 -0.723191
-0.551298 -0.495110
-0.549900 0.480609
-0.549605 0.356723
-0.548014 -0.374798
-0.548011 0.236678
-0.545500 -0.129881
-0.545362 0.600575
-0.545293 -0.251818
-0.544332 0.114804
-0.544258 -0.007881
-0.541454 -0.606314
-0.520905 0.742777
-0.498239 0.418158
-0.497033 0.671602
-0.496647 0.296411
-0.496547 -0.434346
-0.496414 0.540591
-0.494336 -0.313283
-0.493892 0.175601
-0.493805 -0.549919
-0.493018 -0.190791
-0.492899 -0.068881
-0.492344 0.053388
-0.491056 -0.751999
-0.489426 -0.674441
-0.446701 0.605613
-0.446278 0.477722
-0.445293 0.356814
-0.443038 0.235860
-0.442698 -0.373573
-0.441796 -0.491983
-0.441339 -0.252027
-0.441021 -0.129801
-0.440739 0.114407
-0.440446 -0.007769
-0.439423 -0.612371
-0.434604 0.767691
-0.416449 -0.716193
-0.413866 0.713762
-0.396577 0.538477
-0.393492 0.416257
-0.391768 0.296114
-0.389572 0.175094
-0.389537 -0.312734
-0.389252 -0.432829
-0.388927 -0.190885
-0.388705 -0.068800
-0.388501 0.053280
-0.388357 -0.778922
-0.387871 -0.552642
-0.384313 0.659098
-0.374860 -0.663400
-0.350066 0.787161
-0.343120 0.593210
-0.342614 0.475776
-0.339905 0.355765
-0.338275 0.235566
-0.336911 -0.251798
-0.336799 -0.129827
-0.336778 -0.372911
-0.336736 0.114172
-0.336474 -0.007776
-0.335607 -0.493317
-0.327780 -0.608803
-0.318487 -0.729801
-0.314277 0.726720
-0.290272 0.650905
-0.289920 0.532211
-0.288191 -0.798527
-0.288093 0.415188
-0.286393 0.295602
-0.285177 0.174894
-0.284673 -0.190800
-0.284595 -0.068804
-0.284507 -0.312481
-0.284489 0.053193
-0.283591 -0.433629
-0.278941 -0.552233
-0.272460 -0.673518
-0.261064 0.802774
-0.237577 0.588985
-0.235164 0.472929
-0.234097 0.355376
-0.233310 0.235302
-0.232602 -0.129790
-0.232600 0.114062
-0.232450 -0.007798
-0.232422 -0.251720
-0.231772 -0.373442
-0.229131 0.695687
-0.228880 -0.494000
-0.224330 -0.616131
-0.223349 -0.743472
-0.205535 0.753966
-0.186632 -0.812190
-0.182000 0.530276
-0.180940 0.295484
-0.180815 0.414259
-0.180665 0.174733
-0.180500 -0.068783
-0.180448 -0.190786
-0.180420 0.053157
-0.180032 -0.312820
-0.178660 0.639425
-0.178282 -0.434491
-0.175337 -0.557307
-0.173906 -0.683922
-0.156502 0.815090
-0.129307 0.699741
-0.128489 -0.129791
-0.128409 -0.007786
-0.128406 0.235213
-0.128364 0.114000
-0.128271 -0.251921
-0.127682 0.355218
-0.127312 -0.374110
-0.126828 0.472749
-0.126678 -0.752716
-0.125469 -0.497275
-0.125248 0.584084
-0.124297 -0.623309
-0.099241 0.759891
-0.083871 -0.819963
-0.076472 -0.068777
-0.076435 -0.190911
-0.076319 0.053166
-0.076155 0.174715
-0.076012 -0.313237
-0.075601 -0.690198
-0.075485 0.295430
-0.075006 -0.436389
-0.074333 -0.561747
-0.073491 0.414788
-0.072661 0.642452
-0.070495 0.529426
-0.051981 0.821167
-0.028897 -0.756890
-0.027681 0.702729
-0.024886 -0.626799
-0.024539 -0.129868
-0.024412 -0.252189
-0.024407 -0.007757
-0.024127 0.114049
-0.024023 -0.375090
-0.023781 -0.499604
-0.023535 0.235273
-0.021771 0.355552
-0.017499 0.473776
-0.015866 0.588258
0.002495 0.762660
0.019288 -0.821815
0.022857 -0.691636
0.026135 -0.563024
0.027320 -0.437382
0.027380 -0.191103
0.027417 -0.313785
0.027425 -0.068784
0.027734 0.053240
0.028302 0.174856
0.029668 0.295802
0.033152 0.415523
0.034449 0.648617
0.038439 0.534564
0.052779 0.821144
0.068988 -0.755803
0.074608 -0.626034
0.077655 0.708825
0.077793 -0.499571
0.078924 -0.375611
0.079131 -0.252577
0.079221 -0.129944
0.079493 -0.007693
0.080024 0.114207
0.081082 0.235682
0.083697 0.356395
0.088308 0.476653
0.092557 0.598029
0.104975 0.766068
0.121429 -0.688239
0.121840 -0.817786
0.127093 -0.561111
0.130063 -0.437292
0.130714 -0.314278
0.130930 -0.191278
0.131167 -0.068762
0.131678 0.053395
0.132518 0.175202
0.134362 0.296693
0.138080 0.417806
0.142313 0.539613
0.143292 0.664996
0.161710 0.814626
0.165956 -0.749629
0.174838 -0.621581
0.180677 -0.498372
0.182294 -0.376057
0.182410 -0.252792
0.182789 -0.129981
0.183251 -0.007566
0.183985 0.114506
0.185200 0.236373
0.187801 0.736747
0.187966 0.358422
0.192019 0.480460
0.193470 0.604556
0.220440 -0.680737
0.222908 -0.808006
0.230295 -0.558407
0.233819 -0.314444
0.234064 -0.437739
0.234328 -0.191337
0.234737 -0.068658
0.235453 0.053626
0.236386 0.175745
0.237941 0.298095
0.239912 0.670799
0.241581 0.421289
0.244514 0.544150
0.254982 0.803665
0.261509 -0.738995
0.278252 -0.616955
0.282359 0.733931
0.285478 -0.376142
0.285563 -0.252838
0.286034 -0.499250
0.286197 -0.129862
0.286871 -0.007367
0.287670 0.114867
0.288596 0.237371
0.290605 0.360693
0.294231 0.607640
0.294983 0.485387
0.322152 -0.792582
0.323070 -0.673577
0.336824 -0.314555
0.337602 -0.191112
0.337623 -0.437738
0.337790 -0.560824
0.338187 -0.068453
0.339072 0.053895
0.339753 0.176291
0.340485 0.299689
0.340746 0.667734
0.343154 0.424221
0.348215 0.550386
0.352667 0.786631
0.359480 -0.728341
0.380370 0.723280
0.388399 -0.252472
0.388681 -0.376522
0.388771 -0.623379
0.389573 -0.129560
0.390001 -0.499035
0.390401 -0.007113
0.391112 0.115177
0.391171 0.238074
0.392187 0.362874
0.395783 0.488297
0.401700 0.615611
0.422992 -0.770646
0.436002 -0.689200
0.439158 -0.314103
0.440952 -0.190638
0.441149 -0.559895
0.441597 -0.068059
0.441625 -0.438720
0.441879 0.300412
0.442630 0.054089
0.442839 0.176502
0.444134 0.426875
0.448898 0.551949
0.453563 0.682484
0.453894 0.762580
0.488962 -0.620130
0.490716 -0.375954
0.491083 -0.251891
0.492309 0.363278
0.492959 -0.128943
0.493310 0.238026
0.494042 -0.006670
0.494516 0.114998
0.495528 -0.501201
0.497250 0.491480
0.501225 0.614040
0.508301 -0.746751
0.531158 -0.675971
0.539899 0.736561
0.541234 -0.313705
0.542779 0.300009
0.543044 0.426308
0.543642 -0.437601
0.544395 -0.189732
0.545014 -0.067158
0.545883 0.175546
0.546658 0.054143
0.548258 0.671044
0.548373 -0.564552
0.552853 0.556730
0.592301 0.362430
0.592998 -0.376035
0.593178 -0.250884
0.594699 0.488836
0.594889 0.235916
0.596266 -0.127445
0.596781 -0.716251
0.597298 -0.497985
0.598289 -0.005990
0.598637 0.114202
0.600966 -0.629111
0.612123 0.622470
0.632780 0.702008
0.642167 -0.313104
0.642369 0.296385
0.642881 0.425025
0.646741 -0.555379
0.647722 -0.187254
0.647934 -0.438339
0.648133 0.549129
0.648818 -0.065794
0.649984 0.173514
0.651885 0.054041
0.671796 -0.685264
0.689968 0.356454
0.692423 -0.606355
0.693325 -0.247198
0.693881 -0.376294
0.696148 0.487371
0.697191 0.232587
0.700255 -0.125342
0.702274 0.602577
0.703664 -0.005229
0.704190 0.112969
0.706808 -0.499221
0.710811 0.667060
0.738057 0.415004
0.739411 -0.307844
0.743151 0.292033
0.745175 -0.649719
0.751068 -0.440045
0.752666 -0.183833
0.753234 -0.064486
0.755969 0.171038
0.756715 0.548130
0.758913 0.053771
0.762396 -0.556379
0.786722 0.470467
0.788148 -0.367697
0.791081 0.351180
0.793335 -0.242407
0.794338 0.622570
0.800220 0.229300
0.805734 -0.123787
0.810336 -0.004534
0.811408 0.111538
0.813574 -0.611129
0.818767 -0.502730
0.838218 -0.302278
0.838889 0.519413
0.840314 -0.424375
0.841240 0.408822
0.844890 0.289230
0.857455 -0.063850
0.861283 -0.181144
0.863790 0.578825
0.864128 0.168117
0.868266 0.053732
0.879329 -0.568047
0.888749 -0.361259
0.892723 -0.238956
0.894891 0.349484
0.894961 0.463061
0.898573 -0.469835
0.901723 0.226369
0.912649 -0.123939
0.917561 -0.002875
0.920646 0.109340
0.936592 0.524616
0.938866 -0.301897
0.939384 -0.522333
0.945130 0.288480
0.948973 -0.410868
0.949420 0.407997
0.958169 -0.061769
0.974123 0.164755
0.975274 -0.181505
0.982257 0.052615
0.985817 -0.242574
0.997833 0.225044
0.998684 0.350571
0.998794 -0.353124
0.999350 0.468802
1.002338 -0.465882
1.016600 -0.122076
1.026248 -0.001133
1.030395 0.104546
1.042626 0.290794
1.046910 -0.292720
1.054151 -0.061344
1.054689 0.409758
1.056776 -0.407296
1.075775 -0.223570
1.082969 0.166556
1.086718 0.228876
1.091536 -0.163020
1.102572 0.347506
1.104502 -0.344698
1.105086 0.042987
1.125744 0.105537
1.125898 -0.099056
1.132603 -0.022471
1.142795 0.282035
1.145579 -0.276832
1.175812 0.211203
1.176762 -0.208775
1.197006 0.147162
1.198587 -0.141167
1.211758 0.073759
1.212703 -0.066287
1.216608 0.008056
