-0.998419 0.056209
-0.995202 -0.097843
-0.971475 -0.237143
-0.933804 -0.357786
-0.876403 -0.481578
-0.812594 -0.582830
-0.744716 -0.667382
-0.675510 -0.737351
-0.606966 -0.794728
-0.539999 -0.841666
-0.472080 -0.881556
-0.415579 -0.909557
-0.357769 -0.933810
-0.298192 -0.954506
-0.247222 -0.968959
-0.191234 -0.981545
-0.139611 -0.990206
-0.089404 -0.995995
-0.039923 -0.999203
0.009167 -0.999958
0.058097 -0.998311
0.107139 -0.994244
0.156829 -0.987626
0.209631 -0.977781
0.256944 -0.966426
0.309462 -0.950912
0.357566 -0.933888
0.408854 -0.912600
0.461441 -0.887171
0.517605 -0.855620
0.575278 -0.817958
0.644129 -0.764917
0.712687 -0.701482
0.782258 -0.622955
0.851337 -0.524620
0.911121 -0.412140
0.957811 -0.287400
0.990461 -0.137791
0.999857 0.016900
0.988189 0.153238
0.954239 0.299047
0.909177 0.416409
0.846344 0.532637
0.779180 0.626800
0.709879 0.704324
0.640641 0.767841
0.572694 0.819769
0.504023 0.863690
0.446330 0.894868
0.384446 0.923147
0.332202 0.943208
0.275313 0.961355
0.226476 0.974017
0.172530 0.985004
0.122970 0.992410
0.077301 0.997008
0.025105 0.999685
-0.024721 0.999694
-0.074801 0.997199
-0.125996 0.992031
-0.171077 0.985258
-0.215850 0.976427
-0.264150 0.964482
-0.312544 0.949903
-0.369674 0.929162
-0.424208 0.905565
-0.489282 0.872125
-0.554156 0.832413
-0.621412 0.783484
-0.690583 0.723254
-0.760200 0.649689
-0.827784 0.561047
-0.889908 0.456141
-0.942466 0.334302
-0.981610 0.190896
