-1.315964 0.024815
-1.314524 -0.043316
-1.308341 0.085274
-1.303646 -0.106549
-1.289567 0.153299
-1.285251 -0.164918
-1.261988 0.216598
-1.254378 -0.230838
-1.231233 -0.007679
-1.225338 0.277933
-1.218347 0.108863
-1.215648 -0.291748
-1.209527 -0.068139
-1.200440 0.049993
-1.189913 -0.181934
-1.183846 0.168133
-1.179747 0.337241
-1.176951 -0.123823
-1.168383 -0.350157
-1.150912 0.225943
-1.144962 -0.239212
-1.134566 -0.009819
-1.125545 0.394089
-1.122886 0.106747
-1.112748 -0.406002
-1.110957 0.282567
-1.101852 -0.294924
-1.100202 -0.068592
-1.091232 -0.177495
-1.087648 0.048121
-1.081245 0.166767
-1.063285 0.337485
-1.063253 0.447965
-1.052609 -0.122041
-1.052515 -0.348891
-1.049066 -0.458960
-1.042063 0.224873
-1.038677 -0.235612
-1.030810 -0.010286
-1.022000 0.106760
-1.008136 0.390075
-0.997264 0.280963
-0.996491 -0.400638
-0.993419 0.498459
-0.989357 -0.291862
-0.986320 -0.066810
-0.983211 -0.177423
-0.977350 -0.508920
-0.977184 0.048194
-0.975994 0.166042
-0.946263 0.439871
-0.945614 0.334933
-0.935319 -0.346061
-0.934731 -0.450157
-0.933821 -0.121460
-0.931657 0.223427
-0.928420 -0.234370
-0.922560 -0.009111
-0.917437 0.106824
-0.916238 0.545439
-0.894181 -0.557486
-0.887094 0.386782
-0.882541 0.278794
-0.878770 0.486913
-0.875840 -0.398943
-0.875183 -0.290004
-0.872605 -0.065437
-0.871941 -0.177133
-0.871594 -0.501393
-0.868296 0.165126
-0.866865 0.048853
-0.828450 0.590310
-0.827447 0.332283
-0.822472 0.437078
-0.819752 0.221735
-0.818566 -0.344519
-0.818133 -0.120850
-0.816108 -0.233349
-0.816061 -0.596024
-0.815217 -0.454387
-0.812296 -0.008179
-0.809894 0.106788
-0.809532 0.535176
-0.777998 -0.524113
-0.767149 0.276606
-0.766790 0.384568
-0.760771 -0.400472
-0.760658 -0.288929
-0.759369 -0.176662
-0.759326 -0.064507
-0.758437 0.164122
-0.756140 0.049250
-0.755864 0.489590
-0.746146 0.625769
-0.726897 -0.633262
-0.713203 0.558133
-0.712669 -0.462896
-0.711044 -0.568376
-0.709899 0.330311
-0.706701 0.220064
-0.704441 -0.345020
-0.703951 0.438663
-0.703877 -0.120327
-0.702987 -0.232722
-0.700963 -0.007587
-0.700233 0.106495
-0.656640 -0.513529
-0.652063 -0.403837
-0.651846 0.274812
-0.651375 0.501701
-0.651109 0.660129
-0.650363 0.384934
-0.647249 -0.288999
-0.646970 0.163096
-0.646384 -0.176331
-0.646297 -0.063932
-0.644776 0.049375
-0.641638 0.603641
-0.631494 -0.609634
-0.625667 -0.668266
-0.596610 -0.457506
-0.595097 0.444107
-0.594778 0.329630
-0.593056 -0.346333
-0.593054 0.218702
-0.590336 -0.120016
-0.590186 0.554962
-0.590112 -0.232693
-0.589071 0.106084
-0.588991 -0.007282
-0.585957 -0.560265
-0.563719 0.686364
-0.539191 0.386399
-0.537885 0.620595
-0.537467 0.273898
-0.537359 -0.401358
-0.537216 0.499534
-0.534967 -0.289490
-0.534486 0.162264
-0.534392 -0.508153
-0.533540 -0.176300
-0.533411 -0.063650
-0.532811 0.049333
-0.531417 -0.694885
-0.529653 -0.623218
-0.483416 0.559617
-0.482959 0.441439
-0.481893 0.329715
-0.479452 0.217947
-0.479084 -0.345201
-0.478108 -0.454618
-0.477613 -0.232886
-0.477270 -0.119943
-0.476964 0.105718
-0.476647 -0.007179
-0.475540 -0.565862
-0.470325 0.709386
-0.450678 -0.661799
-0.447882 0.659552
-0.429173 0.497580
-0.425834 0.384642
-0.423969 0.273624
-0.421592 0.161796
-0.421554 -0.288982
-0.421245 -0.399956
-0.420894 -0.176388
-0.420654 -0.063575
-0.420433 0.049233
-0.420277 -0.719763
-0.419751 -0.510669
-0.415900 0.609040
-0.405670 -0.613015
-0.378839 0.727377
-0.371322 0.548156
-0.370774 0.439641
-0.367842 0.328745
-0.366078 0.217675
-0.364602 -0.232674
-0.364481 -0.119967
-0.364459 -0.344589
-0.364413 0.105500
-0.364129 -0.007185
-0.363191 -0.455850
-0.354721 -0.562565
-0.344664 -0.674373
-0.340108 0.671526
-0.314130 0.601469
-0.313749 0.491790
-0.311878 -0.737880
-0.311772 0.383654
-0.309932 0.273151
-0.308616 0.161611
-0.308070 -0.176309
-0.307986 -0.063578
-0.307892 -0.288748
-0.307871 0.049153
-0.306900 -0.400696
-0.301868 -0.510291
-0.294853 -0.622365
-0.282521 0.741804
-0.257104 0.544252
-0.254492 0.437010
-0.253338 0.328386
-0.252486 0.217431
-0.251720 -0.119933
-0.251718 0.105399
-0.251556 -0.007206
-0.251525 -0.232602
-0.250822 -0.345079
-0.247964 0.642850
-0.247692 -0.456481
-0.242768 -0.569336
-0.241706 -0.687006
-0.222429 0.696702
-0.201971 -0.750505
-0.196959 0.490001
-0.195812 0.273042
-0.195677 0.382796
-0.195514 0.161462
-0.195336 -0.063559
-0.195279 -0.176296
-0.195249 0.049119
-0.194829 -0.289062
-0.193344 0.590861
-0.192936 -0.401491
-0.189748 -0.514980
-0.188200 -0.631979
-0.169365 0.753184
-0.139935 0.646596
-0.139050 -0.119933
-0.138963 -0.007194
-0.138959 0.217349
-0.138915 0.105342
-0.138814 -0.232788
-0.138176 0.328240
-0.137777 -0.345696
-0.137252 0.436844
-0.137089 -0.695548
-0.135781 -0.459508
-0.135542 0.539723
-0.134513 -0.575969
-0.107398 0.702178
-0.090765 -0.757687
-0.082758 -0.063554
-0.082718 -0.176412
-0.082592 0.049128
-0.082415 0.161445
-0.082260 -0.289446
-0.081815 -0.637778
-0.081690 0.272992
-0.081171 -0.403246
-0.080442 -0.519082
-0.079531 0.383285
-0.078633 0.593658
-0.076289 0.489217
-0.056253 0.758800
-0.031272 -0.699405
-0.029956 0.649357
-0.026932 -0.579194
-0.026556 -0.120004
-0.026419 -0.233035
-0.026413 -0.007168
-0.026110 0.105387
-0.025997 -0.346602
-0.025736 -0.461659
-0.025470 0.217404
-0.023560 0.328548
-0.018937 0.437793
-0.017170 0.543580
0.002700 0.704736
0.020873 -0.759398
0.024736 -0.639107
0.028283 -0.520263
0.029566 -0.404163
0.029630 -0.176589
0.029670 -0.289953
0.029679 -0.063560
0.030014 0.049196
0.030628 0.161576
0.032106 0.273336
0.035877 0.383964
0.037280 0.599355
0.041599 0.493964
0.057117 0.758779
0.074659 -0.698400
0.080741 -0.578487
0.084038 0.654990
0.084187 -0.461629
0.085411 -0.347084
0.085635 -0.233394
0.085732 -0.120075
0.086027 -0.007109
0.086601 0.105533
0.087747 0.217782
0.090577 0.329327
0.095566 0.440451
0.100164 0.552609
0.113603 0.707886
0.131410 -0.635967
0.131854 -0.755676
0.137539 -0.518495
0.140753 -0.404080
0.141457 -0.290409
0.141691 -0.176751
0.141948 -0.063540
0.142501 0.049340
0.143410 0.161896
0.145405 0.274159
0.149429 0.386074
0.154010 0.498629
0.155070 0.614490
0.175001 0.752755
0.179596 -0.692696
0.189208 -0.574373
0.195527 -0.460521
0.197277 -0.347495
0.197402 -0.233593
0.197813 -0.120109
0.198313 -0.006991
0.199107 0.105810
0.200422 0.218421
0.203237 0.680792
0.203416 0.331200
0.207802 0.443970
0.209372 0.558641
0.238558 -0.629035
0.241229 -0.746638
0.249223 -0.515996
0.253037 -0.290562
0.253302 -0.404493
0.253587 -0.176805
0.254030 -0.063444
0.254806 0.049553
0.255815 0.162397
0.257498 0.275455
0.259631 0.619852
0.261437 0.389293
0.264611 0.502822
0.275939 0.742627
0.283003 -0.682869
0.301122 -0.570098
0.305566 0.678190
0.308942 -0.347575
0.309033 -0.233635
0.309544 -0.461332
0.309720 -0.119999
0.310449 -0.006808
0.311314 0.106143
0.312317 0.219343
0.314491 0.333299
0.318414 0.561490
0.319228 0.448522
0.348630 -0.732386
0.349623 -0.622419
0.364508 -0.290665
0.365350 -0.176598
0.365373 -0.404492
0.365553 -0.518229
0.365984 -0.063254
0.366941 0.049802
0.367678 0.162902
0.368470 0.276928
0.368752 0.617020
0.371359 0.392002
0.376835 0.508584
0.381653 0.726887
0.389026 -0.673024
0.411633 0.668348
0.420323 -0.233296
0.420627 -0.347925
0.420725 -0.576034
0.421592 -0.119720
0.422056 -0.461134
0.422489 -0.006573
0.423258 0.106429
0.423323 0.219993
0.424421 0.335314
0.428313 0.451211
0.434717 0.568855
0.457758 -0.712116
0.471838 -0.636856
0.475254 -0.290247
0.477195 -0.176159
0.477408 -0.517371
0.477892 -0.062890
0.477923 -0.405399
0.478197 0.277596
0.479011 0.049981
0.479237 0.163097
0.480639 0.394454
0.485794 0.510029
0.490842 0.630650
0.491200 0.704663
0.529150 -0.573031
0.531048 -0.347401
0.531447 -0.232760
0.532772 0.335687
0.533476 -0.119150
0.533856 0.219948
0.534648 -0.006163
0.535162 0.106264
0.536256 -0.463135
0.538119 0.454153
0.542422 0.567404
0.550079 -0.690036
0.574815 -0.624632
0.584274 0.680620
0.585719 -0.289879
0.587391 0.277223
0.587678 0.393931
0.588325 -0.404366
0.589140 -0.175322
0.589809 -0.062057
0.590750 0.162214
0.591589 0.050031
0.593321 0.620079
0.593445 -0.521675
0.598293 0.514446
0.640983 0.334903
0.641738 -0.347476
0.641933 -0.231830
0.643578 0.451709
0.643784 0.217998
0.645274 -0.117765
0.645832 -0.661852
0.646391 -0.460164
0.647464 -0.005535
0.647840 0.105529
0.650361 -0.581330
0.662435 0.575194
0.684789 0.648691
0.694947 -0.289324
0.695166 0.273874
0.695721 0.392745
0.699898 -0.513198
0.700959 -0.173032
0.701189 -0.405047
0.701405 0.507423
0.702146 -0.060797
0.703407 0.160336
0.705464 0.049936
0.727012 -0.633218
0.746678 0.329382
0.749335 -0.560303
0.750310 -0.228424
0.750913 -0.347715
0.753366 0.450356
0.754494 0.214922
0.757810 -0.115823
0.759996 0.556812
0.761500 -0.004832
0.762068 0.104389
0.764902 -0.461305
0.769234 0.616397
0.798719 0.383484
0.800184 -0.284464
0.804231 0.269853
0.806422 -0.600373
0.812800 -0.406624
0.814528 -0.169871
0.815144 -0.059589
0.818104 0.158048
0.818911 0.506500
0.821289 0.049687
0.825059 -0.514122
0.851384 0.434735
0.852927 -0.339771
0.856101 0.324509
0.858541 -0.223997
0.859626 0.575287
0.865991 0.211885
0.871959 -0.114386
0.876939 -0.004190
0.878099 0.103067
0.880443 -0.564714
0.886063 -0.464548
0.907112 -0.279320
0.907838 0.479964
0.909381 -0.392144
0.910383 0.377772
0.914333 0.267263
0.927930 -0.059001
0.932073 -0.167386
0.934787 0.534864
0.935152 0.155349
0.939630 0.049651
0.951603 -0.524904
0.961797 -0.333821
0.966098 -0.220808
0.968443 0.322941
0.968519 0.427892
0.972428 -0.434151
0.975837 0.209176
0.987661 -0.114526
0.992977 -0.002657
0.996315 0.101036
1.013572 0.484772
1.016034 -0.278968
1.016593 -0.482663
1.022812 0.266571
1.026971 -0.379663
1.027454 0.377010
1.036922 -0.057078
1.054188 0.152242
1.055434 -0.167720
1.062990 0.048619
1.066843 -0.224150
1.079847 0.207952
1.080767 0.323945
1.080886 -0.326304
1.081488 0.433197
1.084722 -0.430499
1.100156 -0.112805
1.110597 -0.001047
1.115085 0.096605
1.128321 0.268709
1.132957 -0.270488
1.140793 -0.056685
1.141376 0.378637
1.143634 -0.376362
1.164195 -0.206590
1.171980 0.153906
1.176037 0.211493
1.181251 -0.150638
1.193194 0.321113
1.195282 -0.318519
1.195915 0.039722
1.218271 0.097522
1.218437 -0.091533
1.225694 -0.020764
1.236723 0.260614
1.239736 -0.255807
1.272454 0.195163
1.273482 -0.192919
1.295390 0.135985
1.297101 -0.130446
1.311354 0.068157
1.312378 -0.061253
1.316603 0.007444
