-1.332621 0.024504
-1.331163 -0.042774
-1.324903 0.084208
-1.320147 -0.105217
-1.305890 0.151383
-1.301520 -0.162857
-1.277963 0.213890
-1.270256 -0.227952
-1.246819 -0.007583
-1.240849 0.274459
-1.233769 0.107503
-1.231036 -0.288102
-1.224838 -0.067287
-1.215635 0.049368
-1.204976 -0.179660
-1.198831 0.166031
-1.194680 0.333025
-1.191849 -0.122276
-1.183172 -0.345780
-1.165481 0.223119
-1.159455 -0.236222
-1.148927 -0.009696
-1.139793 0.389163
-1.137100 0.105413
-1.126833 -0.400927
-1.125019 0.279035
-1.115800 -0.291237
-1.114129 -0.067735
-1.105045 -0.175277
-1.101416 0.047519
-1.094931 0.164683
-1.076744 0.333267
-1.076712 0.442366
-1.065933 -0.120515
-1.065838 -0.344530
-1.062345 -0.453223
-1.055254 0.222062
-1.051825 -0.232667
-1.043858 -0.010157
-1.034937 0.105425
-1.020897 0.385199
-1.009887 0.277451
-1.009105 -0.395630
-1.005994 0.492229
-1.001880 -0.288214
-0.998805 -0.065975
-0.995657 -0.175205
-0.989722 -0.502558
-0.989553 0.047592
-0.988348 0.163967
-0.958241 0.434373
-0.957583 0.330747
-0.947159 -0.341735
-0.946563 -0.444530
-0.945642 -0.119942
-0.943450 0.220634
-0.940172 -0.231440
-0.934238 -0.008997
-0.929050 0.105489
-0.927836 0.538621
-0.905500 -0.550517
-0.898323 0.381947
-0.893713 0.275309
-0.889894 0.480826
-0.886927 -0.393956
-0.886261 -0.286378
-0.883651 -0.064619
-0.882978 -0.174919
-0.882627 -0.495126
-0.879287 0.163062
-0.877838 0.048243
-0.838936 0.582931
-0.837921 0.328129
-0.832883 0.431614
-0.830129 0.218964
-0.828928 -0.340212
-0.828489 -0.119340
-0.826438 -0.230432
-0.826391 -0.588574
-0.825536 -0.448707
-0.822578 -0.008077
-0.820146 0.105453
-0.819780 0.528486
-0.787846 -0.517562
-0.776860 0.273149
-0.776496 0.379761
-0.770401 -0.395466
-0.770286 -0.285318
-0.768981 -0.174454
-0.768938 -0.063701
-0.768037 0.162070
-0.765711 0.048634
-0.765432 0.483470
-0.755591 0.617947
-0.736098 -0.625347
-0.722230 0.551156
-0.721690 -0.457109
-0.720044 -0.561271
-0.718885 0.326182
-0.715646 0.217313
-0.713358 -0.340708
-0.712862 0.433180
-0.712786 -0.118822
-0.711885 -0.229813
-0.709836 -0.007492
-0.709096 0.105164
-0.664952 -0.507110
-0.660317 -0.398789
-0.660097 0.271376
-0.659620 0.495430
-0.659351 0.651878
-0.658596 0.380123
-0.655442 -0.285386
-0.655159 0.161057
-0.654566 -0.174127
-0.654478 -0.063133
-0.652938 0.048758
-0.649760 0.596095
-0.639487 -0.602013
-0.633587 -0.659912
-0.604162 -0.451788
-0.602630 0.438556
-0.602307 0.325510
-0.600563 -0.342003
-0.600561 0.215968
-0.597808 -0.118516
-0.597657 0.548025
-0.597582 -0.229784
-0.596528 0.104758
-0.596447 -0.007191
-0.593375 -0.553262
-0.570854 0.677784
-0.546016 0.381569
-0.544693 0.612837
-0.544270 0.270475
-0.544161 -0.396341
-0.544016 0.493289
-0.541738 -0.285871
-0.541252 0.160236
-0.541156 -0.501801
-0.540294 -0.174097
-0.540163 -0.062854
-0.539555 0.048716
-0.538143 -0.686199
-0.536357 -0.615428
-0.489535 0.552622
-0.489072 0.435921
-0.487993 0.325593
-0.485521 0.215223
-0.485148 -0.340886
-0.484160 -0.448935
-0.483659 -0.229975
-0.483311 -0.118444
-0.483001 0.104396
-0.482680 -0.007089
-0.481559 -0.558788
-0.476278 0.700518
-0.456383 -0.653526
-0.453552 0.651307
-0.434605 0.491360
-0.431225 0.379834
-0.429335 0.270204
-0.426928 0.159773
-0.426890 -0.285370
-0.426577 -0.394956
-0.426221 -0.174183
-0.425979 -0.062780
-0.425755 0.048618
-0.425597 -0.710766
-0.425064 -0.504286
-0.421165 0.601427
-0.410805 -0.605352
-0.383634 0.718285
-0.376022 0.541304
-0.375467 0.434145
-0.372498 0.324636
-0.370712 0.214954
-0.369218 -0.229765
-0.369094 -0.118468
-0.369072 -0.340281
-0.369026 0.104182
-0.368739 -0.007095
-0.367788 -0.450152
-0.359211 -0.555533
-0.349027 -0.665944
-0.344413 0.663132
-0.318106 0.593951
-0.317720 0.485643
-0.315826 -0.728656
-0.315719 0.378859
-0.313855 0.269736
-0.312523 0.159590
-0.311970 -0.174105
-0.311885 -0.062783
-0.311789 -0.285139
-0.311768 0.048538
-0.310785 -0.395687
-0.305689 -0.503913
-0.298586 -0.614585
-0.286097 0.732531
-0.260359 0.537449
-0.257714 0.431547
-0.256544 0.324281
-0.255682 0.214713
-0.254907 -0.118434
-0.254904 0.104082
-0.254740 -0.007116
-0.254709 -0.229695
-0.253997 -0.340766
-0.251102 0.634814
-0.250827 -0.450775
-0.245841 -0.562220
-0.244766 -0.678418
-0.225244 0.687994
-0.204528 -0.741124
-0.199452 0.483876
-0.198291 0.269629
-0.198153 0.378011
-0.197989 0.159444
-0.197808 -0.062764
-0.197751 -0.174092
-0.197721 0.048505
-0.197295 -0.285448
-0.195792 0.583475
-0.195378 -0.396473
-0.192150 -0.508542
-0.190582 -0.624079
-0.171509 0.743769
-0.141707 0.638514
-0.140810 -0.118434
-0.140723 -0.007104
-0.140718 0.214632
-0.140673 0.104025
-0.140571 -0.229878
-0.139925 0.324137
-0.139521 -0.341375
-0.138989 0.431383
-0.138825 -0.686853
-0.137500 -0.453764
-0.137258 0.532977
-0.136215 -0.568769
-0.108757 0.693401
-0.091914 -0.748216
-0.083805 -0.062759
-0.083765 -0.174206
-0.083637 0.048514
-0.083458 0.159427
-0.083301 -0.285828
-0.082851 -0.629806
-0.082724 0.269580
-0.082198 -0.398205
-0.081461 -0.512594
-0.080538 0.378494
-0.079629 0.586238
-0.077255 0.483102
-0.056966 0.749315
-0.031668 -0.690662
-0.030335 0.641240
-0.027273 -0.571954
-0.026892 -0.118504
-0.026753 -0.230122
-0.026748 -0.007078
-0.026440 0.104070
-0.026326 -0.342270
-0.026062 -0.455889
-0.025792 0.214687
-0.023858 0.324441
-0.019177 0.432320
-0.017388 0.536786
0.002734 0.695927
0.021137 -0.749906
0.025049 -0.631118
0.028641 -0.513759
0.029940 -0.399111
0.030005 -0.174381
0.030046 -0.286329
0.030055 -0.062766
0.030394 0.048581
0.031016 0.159556
0.032513 0.269919
0.036331 0.379165
0.037752 0.591863
0.042125 0.487789
0.057840 0.749294
0.075604 -0.689670
0.081763 -0.571256
0.085102 0.646803
0.085252 -0.455859
0.086492 -0.342745
0.086719 -0.230476
0.086818 -0.118574
0.087116 -0.007020
0.087697 0.104214
0.088857 0.215060
0.091723 0.325210
0.096776 0.434946
0.101432 0.545702
0.115041 0.699037
0.133073 -0.628018
0.133524 -0.746230
0.139280 -0.512014
0.142535 -0.399029
0.143248 -0.286778
0.143485 -0.174542
0.143745 -0.062746
0.144305 0.048723
0.145225 0.159872
0.147246 0.270732
0.151321 0.381248
0.155959 0.492396
0.157033 0.606809
0.177216 0.743346
0.181869 -0.684037
0.191603 -0.567193
0.198003 -0.454764
0.199774 -0.343152
0.199901 -0.230673
0.200317 -0.118608
0.200823 -0.006904
0.201628 0.104487
0.202959 0.215690
0.205810 0.672282
0.205991 0.327060
0.210432 0.438420
0.212022 0.551658
0.241578 -0.621172
0.244282 -0.737305
0.252378 -0.509546
0.256240 -0.286930
0.256509 -0.399437
0.256797 -0.174595
0.257246 -0.062650
0.258031 0.048933
0.259053 0.160367
0.260757 0.272012
0.262918 0.612104
0.264746 0.384426
0.267960 0.496537
0.279432 0.733345
0.286585 -0.674333
0.304934 -0.562972
0.309434 0.669712
0.312853 -0.343230
0.312945 -0.230715
0.313462 -0.455565
0.313640 -0.118499
0.314379 -0.006722
0.315254 0.104816
0.316270 0.216601
0.318472 0.329132
0.322445 0.554471
0.323269 0.442916
0.353043 -0.723231
0.354049 -0.614639
0.369122 -0.287031
0.369974 -0.174390
0.369998 -0.399436
0.370181 -0.511752
0.370616 -0.062463
0.371586 0.049179
0.372332 0.160866
0.373134 0.273466
0.373420 0.609308
0.376060 0.387102
0.381605 0.502227
0.386484 0.717801
0.393951 -0.664611
0.416844 0.659993
0.425643 -0.230380
0.425951 -0.343576
0.426050 -0.568834
0.426929 -0.118224
0.427398 -0.455370
0.427837 -0.006491
0.428616 0.105099
0.428681 0.217243
0.429793 0.331123
0.433734 0.445571
0.440219 0.561745
0.463553 -0.703214
0.477811 -0.628895
0.481269 -0.286619
0.483235 -0.173957
0.483451 -0.510904
0.483942 -0.062104
0.483972 -0.400332
0.484250 0.274126
0.485074 0.049356
0.485303 0.161058
0.486723 0.389523
0.491943 0.503653
0.497056 0.622766
0.497418 0.695854
0.535848 -0.565869
0.537770 -0.343058
0.538174 -0.229851
0.539516 0.331491
0.540229 -0.117661
0.540614 0.217199
0.541416 -0.006086
0.541936 0.104935
0.543044 -0.457346
0.544931 0.448476
0.549288 0.560311
0.557042 -0.681411
0.582091 -0.616824
0.591670 0.672112
0.593133 -0.286256
0.594827 0.273758
0.595117 0.389006
0.595772 -0.399311
0.596598 -0.173131
0.597275 -0.061282
0.598228 0.160186
0.599077 0.049406
0.600831 0.612328
0.600957 -0.515154
0.605866 0.508016
0.649097 0.330717
0.649861 -0.343132
0.650059 -0.228932
0.651725 0.446063
0.651933 0.215274
0.653442 -0.116293
0.654007 -0.653579
0.654573 -0.454412
0.655660 -0.005466
0.656040 0.104209
0.658593 -0.574064
0.670820 0.568004
0.693458 0.640582
0.703744 -0.285707
0.703966 0.270451
0.704527 0.387836
0.708757 -0.506783
0.709832 -0.170869
0.710065 -0.399984
0.710283 0.501080
0.711034 -0.060037
0.712311 0.158332
0.714394 0.049312
0.736215 -0.625303
0.756130 0.325264
0.758820 -0.553299
0.759808 -0.225568
0.760418 -0.343368
0.762902 0.444726
0.764044 0.212236
0.767403 -0.114375
0.769616 0.549851
0.771139 -0.004771
0.771715 0.103084
0.774584 -0.455539
0.778971 0.608692
0.808829 0.378691
0.810313 -0.280908
0.814412 0.266480
0.816630 -0.592869
0.823088 -0.401541
0.824839 -0.167748
0.825462 -0.058844
0.828460 0.156072
0.829277 0.500168
0.831685 0.049066
0.835503 -0.507696
0.862161 0.429301
0.863724 -0.335524
0.866938 0.320452
0.869409 -0.221197
0.870508 0.568095
0.876953 0.209236
0.882997 -0.112956
0.888039 -0.004138
0.889214 0.101778
0.891588 -0.557655
0.897279 -0.458741
0.918595 -0.275829
0.919330 0.473965
0.920892 -0.387242
0.921907 0.373050
0.925907 0.263923
0.939676 -0.058263
0.943872 -0.165294
0.946620 0.528178
0.946989 0.153407
0.951524 0.049031
0.963649 -0.518343
0.973972 -0.329648
0.978327 -0.218048
0.980702 0.318904
0.980779 0.422543
0.984738 -0.428724
0.988190 0.206561
1.000163 -0.113095
1.005547 -0.002624
1.008927 0.099773
1.026403 0.478712
1.028895 -0.275481
1.029462 -0.476629
1.035759 0.263238
1.039971 -0.374917
1.040460 0.372297
1.050048 -0.056364
1.067533 0.150339
1.068794 -0.165624
1.076446 0.048011
1.080348 -0.221348
1.093516 0.205353
1.094448 0.319896
1.094568 -0.322226
1.095178 0.427782
1.098452 -0.425118
1.114082 -0.111395
1.124655 -0.001034
1.129200 0.095398
1.142603 0.265350
1.147298 -0.267107
1.155234 -0.055977
1.155823 0.373904
1.158111 -0.371658
1.178931 -0.204007
1.186815 0.151982
1.190924 0.208850
1.196204 -0.148755
1.208298 0.317100
1.210413 -0.314537
1.211053 0.039226
1.233692 0.096303
1.233860 -0.090389
1.241209 -0.020504
1.252378 0.257357
1.255429 -0.252610
1.288561 0.192723
1.289602 -0.190508
1.311787 0.134286
1.313520 -0.128815
1.327954 0.067305
1.328990 -0.060487
1.333269 0.007351
