-1.016124 0.032137
-1.015012 -0.056098
-1.010238 0.110436
-1.006612 -0.137990
-0.995741 0.198535
-0.992409 -0.213583
-0.974446 0.280512
-0.968571 -0.298954
-0.950699 -0.009945
-0.946147 0.359946
-0.940749 0.140987
-0.938665 -0.377838
-0.933939 -0.088245
-0.926922 0.064745
-0.918794 -0.235619
-0.914109 0.217746
-0.910944 0.436754
-0.908785 -0.160361
-0.902169 -0.453482
-0.888679 0.292615
-0.884085 -0.309799
-0.876057 -0.012716
-0.869092 0.510378
-0.867039 0.138246
-0.859210 -0.525806
-0.857827 0.365947
-0.850797 -0.381950
-0.849523 -0.088833
-0.842597 -0.229871
-0.839830 0.062321
-0.834885 0.215977
-0.821017 0.437071
-0.820993 0.580152
-0.812774 -0.158053
-0.812701 -0.451842
-0.810038 -0.594391
-0.804631 0.291229
-0.802017 -0.305137
-0.795942 -0.013321
-0.789140 0.138262
-0.778434 0.505179
-0.770039 0.363871
-0.769442 -0.518859
-0.767071 0.645546
-0.763934 -0.377985
-0.761589 -0.086525
-0.759188 -0.229777
-0.754663 -0.659093
-0.754534 0.062416
-0.753616 0.215039
-0.730658 0.569669
-0.730157 0.433766
-0.722209 -0.448177
-0.721754 -0.582991
-0.721052 -0.157301
-0.719381 0.289357
-0.716881 -0.303528
-0.712357 -0.011799
-0.708400 0.138346
-0.707475 0.706388
-0.690444 -0.721990
-0.684972 0.500914
-0.681456 0.361062
-0.678544 0.630592
-0.676282 -0.516664
-0.675774 -0.375578
-0.673784 -0.084746
-0.673271 -0.229402
-0.673003 -0.649345
-0.670456 0.213851
-0.669351 0.063269
-0.639689 0.764500
-0.638914 0.430334
-0.635074 0.566052
-0.632973 0.287166
-0.632058 -0.446180
-0.631723 -0.156511
-0.630159 -0.302206
-0.630123 -0.771900
-0.629472 -0.588468
-0.627216 -0.010593
-0.625361 0.138299
-0.625082 0.693097
-0.600733 -0.678769
-0.592356 0.358228
-0.592078 0.498047
-0.587430 -0.518644
-0.587343 -0.374187
-0.586348 -0.228792
-0.586315 -0.083542
-0.585628 0.212551
-0.583855 0.063782
-0.583642 0.634059
-0.576138 0.810422
-0.561275 -0.820127
-0.550701 0.722828
-0.550289 -0.599488
-0.549034 -0.736094
-0.548150 0.427779
-0.545680 0.285000
-0.543936 -0.446830
-0.543557 0.568105
-0.543500 -0.155833
-0.542812 -0.301394
-0.541250 -0.009826
-0.540686 0.137920
-0.507026 -0.665062
-0.503492 -0.523002
-0.503324 0.355903
-0.502961 0.649744
-0.502755 0.854922
-0.502179 0.498522
-0.499775 -0.374277
-0.499559 0.211222
-0.499106 -0.228363
-0.499039 -0.082798
-0.497865 0.063945
-0.495442 0.781764
-0.487609 -0.789526
-0.483110 -0.865459
-0.460674 -0.592508
-0.459505 0.575155
-0.459259 0.426898
-0.457930 -0.448529
-0.457927 0.283237
-0.455829 -0.155431
-0.455713 0.718721
-0.455656 -0.301356
-0.454852 0.137388
-0.454791 -0.009431
-0.452448 -0.725589
-0.435276 0.888897
-0.416337 0.500419
-0.415329 0.803721
-0.415006 0.354721
-0.414923 -0.519791
-0.414812 0.646937
-0.413075 -0.374913
-0.412705 0.210145
-0.412632 -0.658100
-0.411974 -0.228324
-0.411874 -0.082432
-0.411411 0.063890
-0.410334 -0.899933
-0.408972 -0.807118
-0.373270 0.724750
-0.372918 0.571700
-0.372094 0.427007
-0.370210 0.282259
-0.369926 -0.447063
-0.369172 -0.588767
-0.368790 -0.301606
-0.368525 -0.155336
-0.368289 0.136913
-0.368044 -0.009298
-0.367189 -0.732837
-0.363162 0.918713
-0.347992 -0.857084
-0.345833 0.854174
-0.331387 0.644407
-0.328809 0.498143
-0.327368 0.354365
-0.325533 0.209539
-0.325503 -0.374255
-0.325265 -0.517975
-0.324994 -0.228436
-0.324809 -0.082335
-0.324638 0.063761
-0.324518 -0.932152
-0.324111 -0.661359
-0.321138 0.788757
-0.313239 -0.793905
-0.292521 0.942013
-0.286717 0.709907
-0.286294 0.569371
-0.284030 0.425752
-0.282668 0.281907
-0.281528 -0.301332
-0.281435 -0.155367
-0.281417 -0.446270
-0.281382 0.136632
-0.281163 -0.009305
-0.280438 -0.590363
-0.273898 -0.728567
-0.266133 -0.873369
-0.262615 0.869682
-0.242556 0.778952
-0.242262 0.636909
-0.240817 -0.955615
-0.240735 0.496864
-0.239315 0.353753
-0.238299 0.209299
-0.237877 -0.228334
-0.237812 -0.082339
-0.237739 -0.373953
-0.237723 0.063657
-0.236974 -0.518934
-0.233088 -0.660869
-0.227672 -0.806013
-0.218149 0.960696
-0.198523 0.704851
-0.196507 0.565964
-0.195615 0.425286
-0.194957 0.281591
-0.194366 -0.155323
-0.194364 0.136501
-0.194239 -0.009332
-0.194215 -0.301239
-0.193673 -0.446906
-0.191466 0.832543
-0.191256 -0.591181
-0.187454 -0.737337
-0.186634 -0.889729
-0.171749 0.902287
-0.155952 -0.971965
-0.152082 0.634592
-0.151197 0.353612
-0.151092 0.495752
-0.150967 0.209107
-0.150829 -0.082314
-0.150785 -0.228317
-0.150762 0.063614
-0.150438 -0.374359
-0.149291 0.765213
-0.148976 -0.519964
-0.146514 -0.666941
-0.145319 -0.818464
-0.130776 0.975435
-0.108051 0.837395
-0.107368 -0.155324
-0.107301 -0.009317
-0.107298 0.281485
-0.107263 0.136426
-0.107185 -0.301480
-0.106693 0.425097
-0.106384 -0.447705
-0.105979 0.565749
-0.105854 -0.900791
-0.104844 -0.595100
-0.104659 0.698986
-0.103864 -0.745927
-0.082927 0.909378
-0.070084 -0.981267
-0.063901 -0.082307
-0.063871 -0.228467
-0.063773 0.063625
-0.063637 0.209085
-0.063517 -0.374857
-0.063174 -0.825975
-0.063077 0.353547
-0.062676 -0.522236
-0.062114 -0.672254
-0.061410 0.496385
-0.060717 0.768836
-0.058907 0.633576
-0.043436 0.982708
-0.024147 -0.905787
-0.023131 0.840971
-0.020795 -0.750104
-0.020505 -0.155416
-0.020399 -0.301800
-0.020395 -0.009283
-0.020161 0.136485
-0.020074 -0.448878
-0.019872 -0.597887
-0.019667 0.281557
-0.018192 0.425497
-0.014623 0.566978
-0.013258 0.703981
0.002085 0.912691
0.016117 -0.983483
0.019100 -0.827695
0.021839 -0.673783
0.022829 -0.523424
0.022879 -0.228697
0.022910 -0.375513
0.022917 -0.082316
0.023175 0.063713
0.023650 0.209254
0.024791 0.353992
0.027703 0.497265
0.028786 0.776214
0.032121 0.639724
0.044103 0.982681
0.057648 -0.904485
0.062344 -0.749188
0.064890 0.848266
0.065005 -0.597848
0.065950 -0.449502
0.066123 -0.302264
0.066198 -0.155507
0.066426 -0.009207
0.066869 0.136674
0.067754 0.282045
0.069939 0.426505
0.073791 0.570421
0.077342 0.715674
0.087719 0.916770
0.101468 -0.823630
0.101812 -0.978662
0.106201 -0.671493
0.108683 -0.523317
0.109227 -0.376103
0.109407 -0.228907
0.109606 -0.082289
0.110032 0.063899
0.110734 0.209668
0.112275 0.355059
0.115382 0.499998
0.118919 0.645766
0.119738 0.795815
0.135127 0.974880
0.138675 -0.897098
0.146097 -0.743860
0.150977 -0.596412
0.152328 -0.450035
0.152424 -0.302522
0.152742 -0.155551
0.153128 -0.009054
0.153741 0.137032
0.154756 0.282873
0.156930 0.881681
0.157068 0.428931
0.160455 0.574977
0.161667 0.723486
0.184203 -0.814652
0.186265 -0.966958
0.192438 -0.668257
0.195383 -0.376302
0.195588 -0.523852
0.195808 -0.228978
0.196150 -0.082165
0.196749 0.064175
0.197528 0.210318
0.198827 0.356737
0.200475 0.802759
0.201869 0.504166
0.204320 0.651196
0.213067 0.961763
0.218521 -0.884371
0.232512 -0.738324
0.235943 0.878311
0.238550 -0.450138
0.238621 -0.302576
0.239015 -0.597463
0.239151 -0.155408
0.239714 -0.008816
0.240381 0.137464
0.241156 0.284067
0.242835 0.431649
0.245864 0.727175
0.246492 0.580873
0.269195 -0.948500
0.269962 -0.806084
0.281456 -0.376435
0.282106 -0.228708
0.282123 -0.523851
0.282263 -0.671150
0.282595 -0.081919
0.283334 0.064497
0.283903 0.210971
0.284515 0.358644
0.284733 0.799092
0.286745 0.507674
0.290974 0.658658
0.294694 0.941378
0.300387 -0.871621
0.317843 0.865565
0.324553 -0.302138
0.324788 -0.450591
0.324863 -0.746011
0.325533 -0.155048
0.325891 -0.597206
0.326226 -0.008513
0.326820 0.137835
0.326869 0.284909
0.327717 0.434260
0.330722 0.584356
0.335667 0.736714
0.353459 -0.922248
0.364331 -0.824780
0.366968 -0.375894
0.368467 -0.228141
0.368631 -0.670038
0.369006 -0.081448
0.369029 -0.525025
0.369241 0.359510
0.369869 0.064729
0.370043 0.211224
0.371126 0.510850
0.375107 0.660529
0.379005 0.816743
0.379281 0.912596
0.408584 -0.742123
0.410050 -0.449913
0.410357 -0.301443
0.411381 0.434742
0.411925 -0.154309
0.412218 0.284851
0.412830 -0.007982
0.413226 0.137620
0.414071 -0.599798
0.415510 0.588165
0.418832 0.734835
0.424745 -0.893653
0.443844 -0.808949
0.451148 0.881458
0.452264 -0.375418
0.453555 0.359027
0.453777 0.510172
0.454276 -0.523687
0.454906 -0.227057
0.455422 -0.080369
0.456149 0.210080
0.456796 0.064794
0.458134 0.803053
0.458230 -0.675612
0.461973 0.666250
0.494936 0.433727
0.495519 -0.450010
0.495670 -0.300238
0.496940 0.585001
0.497099 0.282326
0.498249 -0.152516
0.498680 -0.857152
0.499112 -0.595950
0.499940 -0.007168
0.500231 0.136668
0.502177 -0.752870
0.511500 0.744923
0.528761 0.840108
0.536605 -0.374698
0.536774 0.354690
0.537202 0.508637
0.540427 -0.664634
0.541247 -0.224091
0.541424 -0.524569
0.541591 0.657154
0.542163 -0.078737
0.543137 0.207648
0.544726 0.064672
0.561364 -0.820070
0.576549 0.426576
0.578600 -0.725638
0.579354 -0.295827
0.579819 -0.450319
0.581713 0.583247
0.582584 0.278342
0.585144 -0.150000
0.586832 0.721117
0.587993 -0.006257
0.588432 0.135192
0.590621 -0.597428
0.593966 0.798284
0.616732 0.496644
0.617864 -0.368404
0.620989 0.349482
0.622681 -0.777533
0.627605 -0.526612
0.628940 -0.219997
0.629415 -0.077172
0.631700 0.204685
0.632323 0.655958
0.634160 0.064348
0.637071 -0.665831
0.657398 0.563017
0.658590 -0.440031
0.661040 0.420265
0.662924 -0.290094
0.663762 0.745043
0.668677 0.274408
0.673285 -0.148139
0.677130 -0.005426
0.678026 0.133480
0.679836 -0.731351
0.684175 -0.601628
0.700428 -0.361743
0.700989 0.621593
0.702180 -0.507858
0.702954 0.489246
0.706004 0.346128
0.716503 -0.076411
0.719702 -0.216778
0.721797 0.692692
0.722079 0.201190
0.725537 0.064302
0.734782 -0.679794
0.742654 -0.432326
0.745974 -0.285964
0.747785 0.418234
0.747844 0.554155
0.750862 -0.562262
0.753495 0.270900
0.762624 -0.148321
0.766729 -0.003441
0.769307 0.130850
0.782632 0.627819
0.784532 -0.361287
0.784964 -0.625088
0.789766 0.345231
0.792978 -0.491694
0.793351 0.488259
0.800661 -0.073920
0.813994 0.197166
0.814955 -0.217211
0.820790 0.062965
0.823765 -0.290293
0.833806 0.269315
0.834516 0.419536
0.834608 -0.422591
0.835073 0.561026
0.837570 -0.557531
0.849488 -0.146092
0.857549 -0.001356
0.861015 0.125112
0.871235 0.348000
0.874815 -0.350304
0.880866 -0.073412
0.881315 0.490366
0.883060 -0.487420
0.898935 -0.267551
0.904946 0.199321
0.908079 0.273901
0.912105 -0.195089
0.921327 0.415868
0.922940 -0.412508
0.923428 0.051444
0.940690 0.126299
0.940819 -0.118543
0.946422 -0.026891
0.954938 0.337517
0.957264 -0.331291
0.982528 0.252752
0.983322 -0.249846
1.000238 0.176112
1.001559 -0.168938
1.012565 0.088269
1.013355 -0.079327
1.016618 0.009641
