-1.082755 0.030159
-1.081570 -0.052645
-1.076483 0.103640
-1.072620 -0.129498
-1.061036 0.186318
-1.057485 -0.200439
-1.038345 0.263249
-1.032083 -0.280557
-1.013040 -0.009333
-1.008189 0.337795
-1.002437 0.132311
-1.000216 -0.354587
-0.995181 -0.082815
-0.987704 0.060761
-0.979043 -0.221120
-0.974050 0.204346
-0.970678 0.409877
-0.968378 -0.150493
-0.961327 -0.425576
-0.946953 0.274608
-0.942057 -0.290734
-0.933503 -0.011934
-0.926082 0.478970
-0.923894 0.129739
-0.915552 -0.493448
-0.914078 0.343427
-0.906587 -0.358446
-0.905229 -0.083366
-0.897849 -0.215725
-0.894901 0.058485
-0.889632 0.202686
-0.874855 0.410174
-0.874829 0.544450
-0.866071 -0.148327
-0.865993 -0.424037
-0.863155 -0.557813
-0.857394 0.273307
-0.854608 -0.286359
-0.848135 -0.012502
-0.840886 0.129754
-0.829479 0.474091
-0.820533 0.341479
-0.819898 -0.486929
-0.817370 0.605820
-0.814028 -0.354725
-0.811529 -0.081200
-0.808971 -0.215637
-0.804149 -0.618533
-0.804012 0.058575
-0.803033 0.201805
-0.778570 0.534613
-0.778037 0.407073
-0.769567 -0.420597
-0.769082 -0.547114
-0.768334 -0.147621
-0.766553 0.271550
-0.763890 -0.284849
-0.759069 -0.011073
-0.754853 0.129832
-0.753867 0.662918
-0.735719 -0.677559
-0.729888 0.470089
-0.726142 0.338842
-0.723039 0.591786
-0.720628 -0.484869
-0.720087 -0.352466
-0.717966 -0.079531
-0.717420 -0.215285
-0.717135 -0.609386
-0.714420 0.200691
-0.713243 0.059376
-0.681636 0.717454
-0.680810 0.403851
-0.676718 0.531218
-0.674479 0.269494
-0.673504 -0.418723
-0.673148 -0.146879
-0.671481 -0.283609
-0.671443 -0.724398
-0.670748 -0.552255
-0.668345 -0.009941
-0.666369 0.129788
-0.666071 0.650445
-0.640125 -0.636999
-0.631199 0.336183
-0.630903 0.467398
-0.625951 -0.486727
-0.625858 -0.351160
-0.624797 -0.214713
-0.624762 -0.078401
-0.624030 0.199471
-0.622140 0.059857
-0.621914 0.595040
-0.613918 0.760550
-0.598079 -0.769657
-0.586812 0.678346
-0.586373 -0.562596
-0.585036 -0.690796
-0.584094 0.401454
-0.581462 0.267462
-0.579604 -0.419333
-0.579201 0.533145
-0.579139 -0.146243
-0.578407 -0.282847
-0.576742 -0.009221
-0.576141 0.129433
-0.540273 -0.624135
-0.536508 -0.490817
-0.536329 0.334002
-0.535942 0.609760
-0.535722 0.802311
-0.535109 0.467843
-0.532547 -0.351245
-0.532317 0.198224
-0.531835 -0.214310
-0.531763 -0.077702
-0.530512 0.060010
-0.527930 0.733655
-0.519583 -0.740940
-0.514790 -0.812200
-0.490882 -0.556046
-0.489637 0.539761
-0.489374 0.400627
-0.487958 -0.420927
-0.487955 0.265807
-0.485719 -0.145866
-0.485596 0.674492
-0.485535 -0.282811
-0.484679 0.128933
-0.484613 -0.008850
-0.482117 -0.680938
-0.463819 0.834196
-0.443638 0.469624
-0.442563 0.754261
-0.442220 0.332892
-0.442131 -0.487804
-0.442013 0.607125
-0.440162 -0.351841
-0.439767 0.197213
-0.439689 -0.617601
-0.438989 -0.214273
-0.438882 -0.077359
-0.438388 0.059958
-0.437242 -0.844553
-0.435790 -0.757450
-0.397747 0.680150
-0.397371 0.536518
-0.396494 0.400730
-0.394486 0.264889
-0.394183 -0.419552
-0.393380 -0.552535
-0.392973 -0.283046
-0.392690 -0.145777
-0.392439 0.128488
-0.392178 -0.008725
-0.391267 -0.687739
-0.386976 0.862177
-0.370811 -0.804340
-0.368511 0.801609
-0.353117 0.604751
-0.350370 0.467488
-0.348835 0.332558
-0.346879 0.196644
-0.346848 -0.351224
-0.346594 -0.486100
-0.346305 -0.214379
-0.346108 -0.077268
-0.345926 0.059837
-0.345798 -0.874789
-0.345364 -0.620660
-0.342196 0.740218
-0.333779 -0.745049
-0.311703 0.884043
-0.305518 0.666221
-0.305067 0.534333
-0.302655 0.399552
-0.301203 0.264558
-0.299989 -0.282788
-0.299889 -0.145806
-0.299871 -0.418808
-0.299834 0.128224
-0.299600 -0.008733
-0.298828 -0.554033
-0.291859 -0.683733
-0.283584 -0.819623
-0.279836 0.816163
-0.258461 0.731016
-0.258148 0.597714
-0.256608 -0.896808
-0.256521 0.466288
-0.255007 0.331983
-0.253925 0.196419
-0.253476 -0.214283
-0.253406 -0.077272
-0.253329 -0.350940
-0.253312 0.059740
-0.252513 -0.486999
-0.248372 -0.620200
-0.242601 -0.756413
-0.232454 0.901577
-0.211541 0.661475
-0.209392 0.531135
-0.208442 0.399115
-0.207741 0.264262
-0.207112 -0.145764
-0.207109 0.128101
-0.206976 -0.008758
-0.206951 -0.282701
-0.206372 -0.419404
-0.204021 0.781310
-0.203797 -0.554800
-0.199746 -0.691963
-0.198872 -0.834976
-0.183011 0.846761
-0.166179 -0.912152
-0.162055 0.595540
-0.161111 0.331851
-0.161000 0.465244
-0.160866 0.196239
-0.160719 -0.077248
-0.160673 -0.214267
-0.160648 0.059699
-0.160302 -0.351321
-0.159081 0.718123
-0.158745 -0.487966
-0.156122 -0.625898
-0.154848 -0.768097
-0.139351 0.915408
-0.115137 0.785863
-0.114408 -0.145765
-0.114337 -0.008744
-0.114334 0.264163
-0.114297 0.128031
-0.114214 -0.282927
-0.113689 0.398938
-0.113360 -0.420154
-0.112929 0.530933
-0.112795 -0.845358
-0.111719 -0.558479
-0.111522 0.655971
-0.110675 -0.700023
-0.088365 0.853416
-0.074680 -0.920881
-0.068092 -0.077242
-0.068059 -0.214408
-0.067955 0.059709
-0.067810 0.196218
-0.067682 -0.351789
-0.067316 -0.775145
-0.067213 0.331790
-0.066786 -0.490099
-0.066187 -0.630885
-0.065437 0.465838
-0.064698 0.721523
-0.062769 0.594586
-0.046285 0.922234
-0.025730 -0.850046
-0.024647 0.789219
-0.022159 -0.703944
-0.021850 -0.145852
-0.021737 -0.283227
-0.021733 -0.008712
-0.021483 0.128086
-0.021390 -0.421255
-0.021175 -0.561094
-0.020956 0.264230
-0.019385 0.399312
-0.015581 0.532087
-0.014128 0.660659
0.002221 0.856525
0.017174 -0.922961
0.020352 -0.776760
0.023271 -0.632319
0.024326 -0.491213
0.024379 -0.214623
0.024412 -0.352405
0.024420 -0.077250
0.024695 0.059792
0.025201 0.196376
0.026416 0.332208
0.029519 0.466664
0.030674 0.728447
0.034227 0.600356
0.046995 0.922208
0.061428 -0.848825
0.066432 -0.703084
0.069145 0.796065
0.069268 -0.561057
0.070275 -0.421840
0.070459 -0.283663
0.070539 -0.145938
0.070782 -0.008640
0.071254 0.128263
0.072197 0.264689
0.074525 0.400259
0.078630 0.535318
0.082413 0.671633
0.093471 0.860354
0.108122 -0.772945
0.108488 -0.918437
0.113165 -0.630171
0.115810 -0.491113
0.116389 -0.352958
0.116582 -0.214820
0.116793 -0.077225
0.117248 0.059967
0.117996 0.196766
0.119637 0.333209
0.122948 0.469229
0.126717 0.606026
0.127589 0.746842
0.143988 0.914887
0.147769 -0.841892
0.155678 -0.698084
0.160877 -0.559710
0.162316 -0.422341
0.162419 -0.283905
0.162758 -0.145979
0.163169 -0.008497
0.163823 0.128599
0.164904 0.265465
0.167220 0.827424
0.167367 0.402536
0.170976 0.539594
0.172268 0.678963
0.196282 -0.764520
0.198479 -0.907452
0.205057 -0.627134
0.208195 -0.353145
0.208413 -0.491615
0.208648 -0.214887
0.209012 -0.077108
0.209650 0.060226
0.210481 0.197375
0.211865 0.334784
0.213621 0.753359
0.215106 0.473140
0.217718 0.611122
0.227038 0.902578
0.232850 -0.829949
0.247759 -0.692888
0.251415 0.824261
0.254193 -0.422437
0.254268 -0.283956
0.254688 -0.560696
0.254833 -0.145845
0.255433 -0.008274
0.256144 0.129004
0.256969 0.266586
0.258758 0.405086
0.261986 0.682426
0.262656 0.545127
0.286847 -0.890131
0.287665 -0.756479
0.299912 -0.353270
0.300604 -0.214634
0.300623 -0.491614
0.300772 -0.629848
0.301126 -0.076878
0.301914 0.060528
0.302520 0.197989
0.303171 0.336574
0.303404 0.749917
0.305548 0.476433
0.310054 0.618126
0.314018 0.883447
0.320085 -0.817983
0.338685 0.812299
0.345835 -0.283545
0.346085 -0.422863
0.346166 -0.700103
0.346880 -0.145506
0.347261 -0.560455
0.347618 -0.007989
0.348251 0.129352
0.348303 0.267376
0.349207 0.407536
0.352409 0.548395
0.357678 0.691378
0.376637 -0.865494
0.388221 -0.774025
0.391031 -0.352762
0.392629 -0.214101
0.392804 -0.628805
0.393203 -0.076436
0.393228 -0.492716
0.393454 0.337386
0.394123 0.060746
0.394309 0.198226
0.395462 0.479413
0.399704 0.619881
0.403858 0.766482
0.404152 0.856436
0.435377 -0.696454
0.436939 -0.422226
0.437266 -0.282893
0.438357 0.407989
0.438936 -0.144813
0.439249 0.267321
0.439900 -0.007491
0.440323 0.129151
0.441224 -0.562888
0.442756 0.551970
0.446296 0.689614
0.452597 -0.838659
0.472949 -0.759168
0.480732 0.827215
0.481921 -0.352315
0.483297 0.336933
0.483533 0.478777
0.484065 -0.491460
0.484735 -0.213084
0.485286 -0.075423
0.486060 0.197152
0.486750 0.060807
0.488175 0.753634
0.488277 -0.634036
0.492266 0.625250
0.527391 0.407036
0.528012 -0.422317
0.528173 -0.281762
0.529526 0.549001
0.529695 0.264952
0.530922 -0.143130
0.531380 -0.804405
0.531840 -0.559276
0.532723 -0.006727
0.533033 0.128258
0.535107 -0.706540
0.545041 0.699081
0.563434 0.788409
0.571792 -0.351640
0.571972 0.332863
0.572428 0.477336
0.575865 -0.623733
0.576739 -0.210301
0.576928 -0.492288
0.577105 0.616714
0.577715 -0.073892
0.578753 0.194870
0.580445 0.060692
0.598175 -0.769604
0.614355 0.400325
0.616541 -0.680983
0.617344 -0.277623
0.617839 -0.422607
0.619858 0.547355
0.620786 0.261213
0.623515 -0.140769
0.625313 0.676740
0.626550 -0.005872
0.627018 0.126873
0.629350 -0.560664
0.632914 0.749159
0.657174 0.466081
0.658380 -0.345733
0.661709 0.327976
0.663512 -0.729685
0.668759 -0.494205
0.670182 -0.206459
0.670688 -0.072423
0.673123 0.192089
0.673787 0.615592
0.675744 0.060389
0.678846 -0.624856
0.700506 0.528370
0.701776 -0.412952
0.704387 0.394403
0.706395 -0.272242
0.707288 0.699194
0.712524 0.257521
0.717435 -0.139023
0.721532 -0.005092
0.722487 0.125266
0.724415 -0.686345
0.729039 -0.564604
0.746358 -0.339482
0.746956 0.583341
0.748225 -0.476605
0.749049 0.459138
0.752299 0.324828
0.763487 -0.071709
0.766896 -0.203438
0.769128 0.650065
0.769429 0.188809
0.773114 0.060345
0.782965 -0.637960
0.791352 -0.405721
0.794890 -0.268366
0.796820 0.392497
0.796883 0.520053
0.800099 -0.527661
0.802904 0.254229
0.812632 -0.139194
0.817007 -0.003229
0.819753 0.122798
0.833952 0.589184
0.835977 -0.339054
0.836438 -0.586621
0.841554 0.323986
0.844976 -0.461436
0.845374 0.458212
0.853164 -0.069371
0.867370 0.185033
0.868395 -0.203844
0.874612 0.059091
0.877782 -0.272429
0.888482 0.252742
0.889239 0.393718
0.889337 -0.396585
0.889832 0.526501
0.892492 -0.523222
0.905192 -0.137101
0.913782 -0.001272
0.917475 0.117413
0.928365 0.326584
0.932180 -0.328747
0.938627 -0.068894
0.939106 0.460189
0.940965 -0.457425
0.957882 -0.251086
0.964287 0.187055
0.967626 0.257046
0.971915 -0.183084
0.981742 0.390276
0.983460 -0.387123
0.983981 0.048278
1.002375 0.118527
1.002512 -0.111248
1.008482 -0.025236
1.017557 0.316747
1.020036 -0.310904
1.046956 0.237198
1.047802 -0.234471
1.065827 0.165275
1.067235 -0.158542
1.078962 0.082838
1.079804 -0.074446
1.083281 0.009047
