-1.099413 0.029702
-1.098210 -0.051848
-1.093045 0.102070
-1.089122 -0.127536
-1.077359 0.183495
-1.073754 -0.197402
-1.054319 0.259261
-1.047962 -0.276306
-1.028625 -0.009191
-1.023700 0.332677
-1.017859 0.130306
-1.015604 -0.349214
-1.010491 -0.081560
-1.002899 0.059840
-0.994105 -0.217769
-0.989036 0.201250
-0.985611 0.403667
-0.983276 -0.148213
-0.976117 -0.419127
-0.961522 0.270447
-0.956551 -0.286329
-0.947865 -0.011753
-0.940329 0.471713
-0.938107 0.127773
-0.929637 -0.485972
-0.928141 0.338224
-0.920535 -0.353015
-0.919156 -0.082103
-0.911662 -0.212457
-0.908668 0.057599
-0.903318 0.199615
-0.888314 0.403960
-0.888287 0.536201
-0.879395 -0.146079
-0.879316 -0.417612
-0.876435 -0.549361
-0.870585 0.269166
-0.867756 -0.282021
-0.861183 -0.012312
-0.853823 0.127788
-0.842240 0.466908
-0.833157 0.336305
-0.832511 -0.479552
-0.829945 0.596641
-0.826551 -0.349350
-0.824014 -0.079970
-0.821417 -0.212369
-0.816520 -0.609161
-0.816381 0.057687
-0.815387 0.198748
-0.790548 0.526513
-0.790006 0.400905
-0.781406 -0.414224
-0.780914 -0.538825
-0.780154 -0.145384
-0.778347 0.267436
-0.775642 -0.280534
-0.770747 -0.010905
-0.766466 0.127865
-0.765464 0.652874
-0.747037 -0.667293
-0.741117 0.462966
-0.737313 0.333708
-0.734163 0.582820
-0.731714 -0.477523
-0.731165 -0.347125
-0.729012 -0.078326
-0.728457 -0.212023
-0.728168 -0.600153
-0.725412 0.197651
-0.724216 0.058476
-0.692123 0.706583
-0.691284 0.397733
-0.687129 0.523169
-0.684856 0.265411
-0.683866 -0.412378
-0.683504 -0.144654
-0.681812 -0.279312
-0.681773 -0.713423
-0.681068 -0.543887
-0.678627 -0.009790
-0.676620 0.127822
-0.676318 0.640590
-0.649973 -0.627348
-0.640909 0.331089
-0.640609 0.460316
-0.635581 -0.479352
-0.635486 -0.345839
-0.634410 -0.211459
-0.634374 -0.077213
-0.633631 0.196449
-0.631712 0.058950
-0.631481 0.586025
-0.623363 0.749026
-0.607281 -0.757996
-0.595840 0.668068
-0.595394 -0.554072
-0.594036 -0.680329
-0.593080 0.395372
-0.590408 0.263409
-0.588521 -0.412979
-0.588111 0.525067
-0.588049 -0.144027
-0.587305 -0.278561
-0.585615 -0.009081
-0.585004 0.127472
-0.548585 -0.614678
-0.544762 -0.483380
-0.544580 0.328941
-0.544187 0.600521
-0.543964 0.790155
-0.543341 0.460755
-0.540740 -0.345923
-0.540506 0.195221
-0.540017 -0.211063
-0.539944 -0.076525
-0.538674 0.059101
-0.536052 0.722539
-0.527577 -0.729713
-0.522709 -0.799894
-0.498434 -0.547621
-0.497170 0.531583
-0.496903 0.394557
-0.495465 -0.414550
-0.495462 0.261780
-0.493192 -0.143656
-0.493067 0.664273
-0.493005 -0.278526
-0.492135 0.126980
-0.492069 -0.008716
-0.489534 -0.670620
-0.470955 0.821556
-0.450463 0.462508
-0.449372 0.742833
-0.449023 0.327848
-0.448933 -0.480413
-0.448813 0.597927
-0.446934 -0.346510
-0.446533 0.194225
-0.446454 -0.608244
-0.445742 -0.211026
-0.445634 -0.076187
-0.445133 0.059050
-0.443968 -0.831757
-0.442495 -0.745973
-0.403866 0.669845
-0.403485 0.528389
-0.402594 0.394658
-0.400555 0.260876
-0.400247 -0.413195
-0.399432 -0.544163
-0.399019 -0.278757
-0.398732 -0.143568
-0.398476 0.126541
-0.398211 -0.008593
-0.397286 -0.677319
-0.392929 0.849113
-0.376516 -0.792153
-0.374180 0.789464
-0.358549 0.595588
-0.355760 0.460405
-0.354202 0.327520
-0.352216 0.193665
-0.352184 -0.345903
-0.351926 -0.478735
-0.351633 -0.211131
-0.351432 -0.076097
-0.351248 0.058931
-0.351118 -0.861535
-0.350678 -0.611256
-0.347461 0.729003
-0.338915 -0.733760
-0.316498 0.870648
-0.310218 0.656126
-0.309760 0.526237
-0.307311 0.393498
-0.305837 0.260550
-0.304604 -0.278503
-0.304503 -0.143597
-0.304484 -0.412462
-0.304447 0.126281
-0.304209 -0.008600
-0.303425 -0.545639
-0.296349 -0.673373
-0.287947 -0.807204
-0.284141 0.803797
-0.262438 0.719940
-0.262119 0.588658
-0.260556 -0.883220
-0.260468 0.459223
-0.258931 0.326953
-0.257831 0.193443
-0.257375 -0.211036
-0.257305 -0.076101
-0.257226 -0.345623
-0.257209 0.058835
-0.256398 -0.479620
-0.252193 -0.610803
-0.246333 -0.744952
-0.236030 0.887916
-0.214796 0.651453
-0.212614 0.523088
-0.211649 0.393068
-0.210937 0.260258
-0.210298 -0.143556
-0.210296 0.126160
-0.210160 -0.008625
-0.210135 -0.278418
-0.209547 -0.413049
-0.207159 0.769472
-0.206932 -0.546394
-0.202819 -0.681478
-0.201932 -0.822325
-0.185826 0.833932
-0.168735 -0.898332
-0.164548 0.586517
-0.163590 0.326823
-0.163477 0.458195
-0.163341 0.193266
-0.163192 -0.076078
-0.163145 -0.211021
-0.163120 0.058794
-0.162769 -0.345998
-0.161528 0.707243
-0.161187 -0.480573
-0.158523 -0.616415
-0.157230 -0.756459
-0.141495 0.901539
-0.116908 0.773956
-0.116169 -0.143557
-0.116096 -0.008611
-0.116093 0.260160
-0.116055 0.126091
-0.115971 -0.278640
-0.115438 0.392893
-0.115104 -0.413788
-0.114666 0.522889
-0.114530 -0.832550
-0.113437 -0.550017
-0.113238 0.646032
-0.112378 -0.689417
-0.089725 0.840486
-0.075829 -0.906928
-0.069139 -0.076072
-0.069106 -0.211159
-0.069001 0.058805
-0.068853 0.193245
-0.068723 -0.346459
-0.068352 -0.763401
-0.068247 0.326763
-0.067814 -0.482673
-0.067205 -0.621326
-0.066444 0.458780
-0.065694 0.710591
-0.063735 0.585578
-0.046997 0.908261
-0.026126 -0.837166
-0.025027 0.777261
-0.022500 -0.693278
-0.022186 -0.143642
-0.022071 -0.278936
-0.022067 -0.008580
-0.021813 0.126145
-0.021719 -0.414872
-0.021501 -0.552592
-0.021279 0.260227
-0.019683 0.393262
-0.015821 0.524025
-0.014345 0.650649
0.002256 0.843548
0.017438 -0.908977
0.020666 -0.764991
0.023629 -0.622739
0.024700 -0.483771
0.024754 -0.211372
0.024788 -0.347065
0.024795 -0.076080
0.025075 0.058886
0.025588 0.193401
0.026823 0.327175
0.029973 0.459594
0.031146 0.717410
0.034754 0.591260
0.047718 0.908235
0.062373 -0.835964
0.067454 -0.692431
0.070209 0.784003
0.070333 -0.552556
0.071356 -0.415449
0.071543 -0.279365
0.071624 -0.143726
0.071870 -0.008509
0.072350 0.126320
0.073307 0.260678
0.075672 0.394194
0.079840 0.527207
0.083681 0.661457
0.094909 0.847318
0.109786 -0.761234
0.110157 -0.904521
0.114906 -0.620623
0.117591 -0.483672
0.118180 -0.347610
0.118375 -0.211566
0.118590 -0.076055
0.119052 0.059058
0.119811 0.193784
0.121478 0.328161
0.124840 0.462119
0.128666 0.596844
0.129552 0.735526
0.146203 0.901025
0.150042 -0.829136
0.158073 -0.687507
0.163352 -0.551229
0.164813 -0.415941
0.164918 -0.279603
0.165262 -0.143767
0.165679 -0.008368
0.166343 0.126651
0.167441 0.261443
0.169793 0.814887
0.169942 0.396437
0.173607 0.531418
0.174918 0.668676
0.199302 -0.752936
0.201533 -0.893703
0.208212 -0.617632
0.211398 -0.347794
0.211620 -0.484166
0.211858 -0.211631
0.212228 -0.075940
0.212876 0.059313
0.213719 0.194385
0.215125 0.329711
0.216907 0.741944
0.218416 0.465971
0.221067 0.601863
0.230531 0.888903
0.236433 -0.817374
0.251570 -0.682390
0.255283 0.811773
0.258104 -0.416036
0.258180 -0.279654
0.258606 -0.552200
0.258753 -0.143635
0.259363 -0.008148
0.260085 0.127050
0.260923 0.262547
0.262739 0.398948
0.266017 0.672086
0.266697 0.536868
0.291260 -0.876644
0.292090 -0.745017
0.304526 -0.347917
0.305229 -0.211382
0.305248 -0.484165
0.305399 -0.620305
0.305758 -0.075713
0.306559 0.059611
0.307174 0.194989
0.307835 0.331474
0.308072 0.738555
0.310249 0.469214
0.314825 0.608760
0.318849 0.870062
0.325009 -0.805589
0.343896 0.799992
0.351156 -0.279249
0.351410 -0.416456
0.351491 -0.689495
0.352216 -0.143302
0.352604 -0.551963
0.352966 -0.007868
0.353608 0.127393
0.353662 0.263325
0.354580 0.401361
0.357831 0.540086
0.363181 0.680903
0.382431 -0.852381
0.394194 -0.762297
0.397047 -0.347417
0.398669 -0.210857
0.398847 -0.619278
0.399252 -0.075278
0.399277 -0.485251
0.399507 0.332274
0.400186 0.059826
0.400375 0.195222
0.401546 0.472149
0.405853 0.610489
0.410071 0.754868
0.410370 0.843460
0.442075 -0.685901
0.443661 -0.415828
0.443993 -0.278607
0.445101 0.401807
0.445689 -0.142619
0.446006 0.263271
0.446668 -0.007377
0.447097 0.127195
0.448012 -0.554359
0.449568 0.543607
0.453162 0.679165
0.459560 -0.825952
0.480225 -0.747665
0.488128 0.814681
0.489335 -0.346977
0.490732 0.331828
0.490972 0.471523
0.491512 -0.484013
0.492193 -0.209856
0.492752 -0.074281
0.493538 0.194165
0.494239 0.059886
0.495686 0.742216
0.495789 -0.624429
0.499840 0.615777
0.535505 0.400869
0.536135 -0.415918
0.536298 -0.277493
0.537673 0.540682
0.537845 0.260938
0.539090 -0.140962
0.539556 -0.792217
0.540023 -0.550802
0.540919 -0.006625
0.541233 0.126314
0.543339 -0.695835
0.553427 0.688489
0.572103 0.776463
0.580589 -0.346312
0.580772 0.327819
0.581235 0.470104
0.584725 -0.614283
0.585611 -0.207114
0.585804 -0.484829
0.585984 0.607370
0.586603 -0.072772
0.587657 0.191918
0.589375 0.059772
0.607377 -0.757943
0.623807 0.394260
0.626026 -0.670665
0.626842 -0.273416
0.627345 -0.416204
0.629394 0.539062
0.630337 0.257255
0.633107 -0.138636
0.634933 0.666487
0.636190 -0.005783
0.636665 0.124950
0.639032 -0.552169
0.642651 0.737808
0.667284 0.459019
0.668509 -0.340495
0.671890 0.323006
0.673720 -0.718629
0.679048 -0.486717
0.680492 -0.203331
0.681006 -0.071326
0.683479 0.189178
0.684153 0.606265
0.686141 0.059474
0.689290 -0.615389
0.711283 0.520365
0.712572 -0.406695
0.715224 0.388427
0.717262 -0.268117
0.718169 0.688601
0.723486 0.253620
0.728472 -0.136916
0.732632 -0.005015
0.733602 0.123368
0.735560 -0.675946
0.740255 -0.556050
0.757841 -0.334338
0.758447 0.574503
0.759736 -0.469384
0.760573 0.452182
0.763873 0.319906
0.775233 -0.070622
0.778694 -0.200356
0.780961 0.640216
0.781266 0.185948
0.785008 0.059431
0.795010 -0.628294
0.803527 -0.399574
0.807119 -0.264300
0.809079 0.386550
0.809143 0.512173
0.812408 -0.519666
0.815256 0.250377
0.825134 -0.137085
0.829576 -0.003180
0.832365 0.120937
0.846782 0.580257
0.848838 -0.333917
0.849306 -0.577732
0.854501 0.319077
0.857976 -0.454445
0.858379 0.451269
0.866289 -0.068320
0.880714 0.182229
0.881755 -0.200756
0.888068 0.058195
0.891287 -0.268301
0.902151 0.248913
0.902919 0.387753
0.903019 -0.390577
0.903522 0.518524
0.906223 -0.515294
0.919118 -0.135024
0.927840 -0.001253
0.931590 0.115634
0.942648 0.321636
0.946521 -0.323766
0.953068 -0.067851
0.953554 0.453217
0.955441 -0.450494
0.972618 -0.247282
0.979122 0.184221
0.982512 0.253151
0.986868 -0.180310
0.996846 0.384363
0.998590 -0.381257
0.999119 0.047546
1.017796 0.116731
1.017935 -0.109562
1.023998 -0.024854
1.033212 0.311948
1.035729 -0.306193
1.063063 0.233604
1.063922 -0.230918
1.082224 0.162771
1.083654 -0.156139
1.095562 0.081582
1.096417 -0.073318
1.099947 0.008910
