-1.382595 0.023619
-1.381082 -0.041228
-1.374586 0.081164
-1.369653 -0.101414
-1.354861 0.145911
-1.350327 -0.156970
-1.325886 0.206159
-1.317891 -0.219713
-1.293574 -0.007309
-1.287380 0.264539
-1.280035 0.103617
-1.277199 -0.277688
-1.270769 -0.064855
-1.261222 0.047584
-1.250162 -0.173166
-1.243787 0.160030
-1.239481 0.320988
-1.236544 -0.117856
-1.227541 -0.333282
-1.209187 0.215055
-1.202935 -0.227683
-1.192012 -0.009346
-1.182535 0.375097
-1.179741 0.101603
-1.169089 -0.386436
-1.167208 0.268949
-1.157642 -0.280711
-1.155908 -0.065287
-1.146484 -0.168941
-1.142719 0.045802
-1.135991 0.158730
-1.117122 0.321221
-1.117089 0.426377
-1.105906 -0.116159
-1.105807 -0.332077
-1.102183 -0.436842
-1.094826 0.214036
-1.091269 -0.224257
-1.083003 -0.009790
-1.073747 0.101614
-1.059181 0.371276
-1.047758 0.267423
-1.046946 -0.381330
-1.043719 0.474437
-1.039451 -0.277797
-1.036260 -0.063591
-1.032994 -0.168872
-1.026836 -0.484393
-1.026662 0.045872
-1.025411 0.158040
-0.994175 0.418673
-0.993493 0.318792
-0.982677 -0.329383
-0.982059 -0.428463
-0.981103 -0.115607
-0.978830 0.212660
-0.975429 -0.223075
-0.969272 -0.008672
-0.963889 0.101676
-0.962630 0.519153
-0.939456 -0.530619
-0.932011 0.368142
-0.927227 0.265359
-0.923265 0.463447
-0.920186 -0.379717
-0.919496 -0.276027
-0.916787 -0.062283
-0.916090 -0.168596
-0.915726 -0.477230
-0.912260 0.157168
-0.910757 0.046499
-0.870397 0.561861
-0.869343 0.316269
-0.864116 0.416014
-0.861258 0.211049
-0.860013 -0.327915
-0.859558 -0.115026
-0.857430 -0.222103
-0.857381 -0.567300
-0.856494 -0.432489
-0.853425 -0.007785
-0.850901 0.101641
-0.850521 0.509384
-0.817390 -0.498855
-0.805992 0.263276
-0.805615 0.366035
-0.799291 -0.381172
-0.799172 -0.275005
-0.797818 -0.168148
-0.797773 -0.061398
-0.796839 0.156212
-0.794425 0.046876
-0.794136 0.465996
-0.783926 0.595611
-0.763701 -0.602744
-0.749314 0.531235
-0.748753 -0.440587
-0.747046 -0.540984
-0.745843 0.314392
-0.742483 0.209458
-0.740109 -0.328393
-0.739595 0.417523
-0.739516 -0.114528
-0.738581 -0.221506
-0.736455 -0.007221
-0.735687 0.101363
-0.689888 -0.488780
-0.685079 -0.384375
-0.684851 0.261568
-0.684356 0.477523
-0.684076 0.628316
-0.683293 0.366383
-0.680021 -0.275071
-0.679728 0.155236
-0.679112 -0.167833
-0.679021 -0.060851
-0.677423 0.046996
-0.674126 0.574549
-0.663468 -0.580254
-0.657347 -0.636060
-0.626818 -0.435458
-0.625228 0.422705
-0.624893 0.313744
-0.623085 -0.329642
-0.623082 0.208162
-0.620226 -0.114233
-0.620069 0.528217
-0.619991 -0.221479
-0.618897 0.100972
-0.618813 -0.006931
-0.615626 -0.533264
-0.592261 0.653286
-0.566491 0.367778
-0.565119 0.590686
-0.564680 0.260699
-0.564567 -0.382015
-0.564416 0.475460
-0.562054 -0.275538
-0.561549 0.154444
-0.561450 -0.483664
-0.560555 -0.167804
-0.560419 -0.060582
-0.559788 0.046955
-0.558324 -0.661397
-0.556471 -0.593183
-0.507893 0.532648
-0.507412 0.420165
-0.506292 0.313825
-0.503728 0.207443
-0.503341 -0.328565
-0.502316 -0.432708
-0.501796 -0.221662
-0.501435 -0.114163
-0.501114 0.100623
-0.500781 -0.006833
-0.499617 -0.538591
-0.494139 0.675199
-0.473497 -0.629905
-0.470560 0.627766
-0.450903 0.473600
-0.447396 0.366105
-0.445435 0.260437
-0.442938 0.153998
-0.442898 -0.275055
-0.442574 -0.380681
-0.442205 -0.167887
-0.441953 -0.060511
-0.441721 0.046860
-0.441557 -0.685076
-0.441004 -0.486059
-0.436958 0.579689
-0.426211 -0.583472
-0.398021 0.692323
-0.390123 0.521739
-0.389547 0.418453
-0.386467 0.312902
-0.384614 0.207184
-0.383063 -0.221461
-0.382936 -0.114186
-0.382912 -0.327982
-0.382865 0.100416
-0.382566 -0.006839
-0.381580 -0.433881
-0.372681 -0.535453
-0.362116 -0.641873
-0.357329 0.639164
-0.330035 0.572482
-0.329635 0.468089
-0.327669 -0.702319
-0.327558 0.365165
-0.325625 0.259987
-0.324242 0.153822
-0.323669 -0.167812
-0.323580 -0.060514
-0.323481 -0.274833
-0.323460 0.046784
-0.322439 -0.381385
-0.317152 -0.485699
-0.309783 -0.592371
-0.296826 0.706054
-0.270122 0.518023
-0.267378 0.415949
-0.266165 0.312560
-0.265270 0.206952
-0.264466 -0.114153
-0.264463 0.100320
-0.264293 -0.006858
-0.264260 -0.221393
-0.263522 -0.328449
-0.260519 0.611869
-0.260233 -0.434482
-0.255060 -0.541898
-0.253944 -0.653897
-0.233691 0.663126
-0.212198 -0.714336
-0.206931 0.466387
-0.205727 0.259883
-0.205584 0.364348
-0.205414 0.153681
-0.205226 -0.060496
-0.205167 -0.167799
-0.205135 0.046752
-0.204694 -0.275131
-0.203134 0.562386
-0.202705 -0.382142
-0.199355 -0.490161
-0.197729 -0.601522
-0.177941 0.716886
-0.147021 0.615435
-0.146091 -0.114154
-0.146000 -0.006848
-0.145995 0.206874
-0.145948 0.100265
-0.145842 -0.221569
-0.145173 0.312421
-0.144753 -0.329036
-0.144201 0.415791
-0.144031 -0.662027
-0.142656 -0.437363
-0.142405 0.513713
-0.141323 -0.548211
-0.112836 0.668338
-0.095360 -0.721172
-0.086948 -0.060491
-0.086906 -0.167910
-0.086774 0.046760
-0.086588 0.153665
-0.086425 -0.275497
-0.085958 -0.607042
-0.085826 0.259836
-0.085281 -0.383812
-0.084515 -0.494066
-0.083558 0.364813
-0.082615 0.565048
-0.080152 0.465640
-0.059102 0.722231
-0.032855 -0.665699
-0.031473 0.618063
-0.028295 -0.551281
-0.027900 -0.114221
-0.027757 -0.221805
-0.027751 -0.006823
-0.027432 0.100308
-0.027314 -0.329898
-0.027039 -0.439411
-0.026759 0.206927
-0.024753 0.312715
-0.019896 0.416694
-0.018040 0.517384
0.002837 0.670773
0.021930 -0.722801
0.025989 -0.608306
0.029715 -0.495190
0.031063 -0.384685
0.031131 -0.168079
0.031172 -0.275980
0.031182 -0.060497
0.031534 0.046825
0.032179 0.153789
0.033732 0.260163
0.037694 0.365460
0.039168 0.570470
0.043705 0.470158
0.060009 0.722211
0.078439 -0.664742
0.084829 -0.550608
0.088293 0.623424
0.088449 -0.439382
0.089735 -0.330357
0.089971 -0.222146
0.090073 -0.114288
0.090383 -0.006766
0.090986 0.100447
0.092190 0.207286
0.095163 0.313456
0.100405 0.419225
0.105235 0.525978
0.119355 0.673771
0.138064 -0.605318
0.138531 -0.719258
0.144503 -0.493507
0.147880 -0.384606
0.148620 -0.276413
0.148866 -0.168233
0.149135 -0.060478
0.149716 0.046962
0.150671 0.154094
0.152767 0.260947
0.156995 0.367468
0.161808 0.474599
0.162922 0.584876
0.183862 0.716478
0.188689 -0.659313
0.198788 -0.546692
0.205428 -0.438327
0.207265 -0.330749
0.207397 -0.222335
0.207829 -0.114321
0.208354 -0.006654
0.209189 0.100710
0.210570 0.207894
0.213528 0.647982
0.213715 0.315239
0.218323 0.422574
0.219973 0.531718
0.250637 -0.598720
0.253443 -0.710656
0.261842 -0.491129
0.265850 -0.276559
0.266128 -0.385000
0.266427 -0.168285
0.266892 -0.060386
0.267707 0.047165
0.268768 0.154571
0.270536 0.262180
0.272777 0.589980
0.274674 0.370531
0.278009 0.478590
0.289911 0.706838
0.297332 -0.649960
0.316369 -0.542623
0.321038 0.645506
0.324585 -0.330824
0.324681 -0.222375
0.325217 -0.439099
0.325402 -0.114216
0.326168 -0.006479
0.327076 0.101028
0.328130 0.208772
0.330414 0.317236
0.334536 0.534430
0.335391 0.426907
0.366282 -0.697090
0.367326 -0.592423
0.382964 -0.276657
0.383848 -0.168087
0.383873 -0.384999
0.384063 -0.493254
0.384514 -0.060205
0.385521 0.047402
0.386294 0.155051
0.387126 0.263582
0.387423 0.587285
0.390162 0.373110
0.395916 0.484074
0.400977 0.691856
0.408724 -0.640589
0.432475 0.636138
0.441605 -0.222053
0.441924 -0.331158
0.442027 -0.548273
0.442939 -0.113951
0.443426 -0.438911
0.443881 -0.006256
0.444689 0.101300
0.444757 0.209391
0.445911 0.319155
0.449999 0.429466
0.456728 0.541441
0.480936 -0.677797
0.495729 -0.606164
0.499317 -0.276260
0.501356 -0.167670
0.501580 -0.492438
0.502089 -0.059859
0.502121 -0.385862
0.502410 0.264218
0.503264 0.047572
0.503502 0.155237
0.504975 0.375444
0.510391 0.485449
0.515695 0.600257
0.516071 0.670703
0.555943 -0.545415
0.557937 -0.330659
0.558355 -0.221543
0.559748 0.319509
0.560488 -0.113408
0.560887 0.209348
0.561719 -0.005866
0.562258 0.101143
0.563408 -0.440816
0.565366 0.432266
0.569886 0.540059
0.577931 -0.656781
0.603919 -0.594529
0.613858 0.647819
0.615376 -0.275909
0.617133 0.263863
0.617434 0.374946
0.618113 -0.384878
0.618970 -0.166873
0.619673 -0.059067
0.620662 0.154396
0.621543 0.047620
0.623362 0.590196
0.623493 -0.496534
0.628586 0.489654
0.673438 0.318763
0.674231 -0.330730
0.674436 -0.220657
0.676164 0.429940
0.676380 0.207493
0.677946 -0.112090
0.678532 -0.629955
0.679119 -0.437987
0.680247 -0.005268
0.680642 0.100443
0.683290 -0.553314
0.695976 0.547473
0.719462 0.617429
0.730135 -0.275381
0.730365 0.260676
0.730947 0.373818
0.735335 -0.488466
0.736451 -0.164693
0.736692 -0.385527
0.736919 0.482969
0.737698 -0.057867
0.739023 0.152609
0.741184 0.047530
0.763823 -0.602702
0.784485 0.313508
0.787276 -0.533300
0.788301 -0.217415
0.788933 -0.330957
0.791511 0.428652
0.792696 0.204564
0.796180 -0.110241
0.798476 0.529977
0.800057 -0.004599
0.800654 0.099358
0.803631 -0.439074
0.808183 0.586691
0.839161 0.365003
0.840700 -0.270755
0.844952 0.256848
0.847254 -0.571440
0.853954 -0.387028
0.855770 -0.161685
0.856417 -0.056717
0.859527 0.150431
0.860375 0.482090
0.862874 0.047292
0.866834 -0.489345
0.894492 0.413784
0.896114 -0.323396
0.899448 0.308870
0.902012 -0.213202
0.903152 0.547562
0.909839 0.201673
0.916109 -0.108873
0.921341 -0.003988
0.922560 0.098100
0.925022 -0.537499
0.930927 -0.442160
0.953042 -0.265859
0.953805 0.456833
0.955426 -0.373245
0.956478 0.359566
0.960629 0.254383
0.974914 -0.056157
0.979267 -0.159319
0.982118 0.509087
0.982501 0.147862
0.987207 0.047258
0.999785 -0.499608
1.010496 -0.317733
1.015014 -0.210166
1.017478 0.307377
1.017558 0.407270
1.021665 -0.413228
1.025247 0.199095
1.037669 -0.109007
1.043255 -0.002529
1.046762 0.096167
1.064893 0.461409
1.067478 -0.265524
1.068066 -0.459402
1.074600 0.253724
1.078969 -0.361366
1.079477 0.358841
1.089425 -0.054327
1.107565 0.144905
1.108874 -0.159637
1.116813 0.046276
1.120861 -0.213348
1.134523 0.197931
1.135490 0.308333
1.135615 -0.310579
1.136247 0.412320
1.139644 -0.409752
1.155860 -0.107368
1.166830 -0.000996
1.171545 0.091950
1.185451 0.255759
1.190322 -0.257452
1.198555 -0.053953
1.199167 0.360389
1.201540 -0.358224
1.223141 -0.196634
1.231321 0.146489
1.235583 0.201301
1.241061 -0.143379
1.253609 0.305638
1.255803 -0.303168
1.256468 0.037808
1.279955 0.092822
1.280130 -0.087122
1.287755 -0.019763
1.299342 0.248055
1.302507 -0.243479
1.336882 0.185757
1.337962 -0.183622
1.360979 0.129432
1.362777 -0.124159
1.377752 0.064873
1.378827 -0.058301
1.383267 0.007085
