-1.365937 0.023907
-1.364442 -0.041731
-1.358025 0.082154
-1.353151 -0.102651
-1.338538 0.147691
-1.334058 -0.158885
-1.309912 0.208673
-1.302013 -0.222392
-1.277989 -0.007398
-1.271870 0.267765
-1.264613 0.104881
-1.261812 -0.281075
-1.255459 -0.065646
-1.246026 0.048164
-1.235100 -0.175278
-1.228802 0.161982
-1.224547 0.324903
-1.221646 -0.119293
-1.212752 -0.337347
-1.194618 0.217677
-1.188442 -0.230460
-1.177650 -0.009460
-1.168288 0.379671
-1.165527 0.102842
-1.155004 -0.391148
-1.153145 0.272229
-1.143695 -0.284134
-1.141982 -0.066083
-1.132671 -0.171002
-1.128951 0.046360
-1.122304 0.160666
-1.103663 0.325138
-1.103630 0.431576
-1.092582 -0.117576
-1.092484 -0.336127
-1.088904 -0.442169
-1.081636 0.216646
-1.078121 -0.226992
-1.069955 -0.009910
-1.060811 0.102854
-1.046419 0.375804
-1.035134 0.270684
-1.034332 -0.385981
-1.031144 0.480223
-1.026927 -0.281184
-1.023775 -0.064366
-1.020548 -0.170932
-1.014465 -0.490301
-1.014292 0.046431
-1.013057 0.159968
-0.982197 0.423779
-0.981523 0.322680
-0.970838 -0.333400
-0.970227 -0.433688
-0.969283 -0.117016
-0.967037 0.215253
-0.963676 -0.225795
-0.957594 -0.008778
-0.952276 0.102916
-0.951032 0.525484
-0.928137 -0.537090
-0.920782 0.372631
-0.916056 0.268595
-0.912141 0.469099
-0.909100 -0.384347
-0.908417 -0.279394
-0.905742 -0.063043
-0.905053 -0.170653
-0.904693 -0.483050
-0.901269 0.159085
-0.899784 0.047066
-0.859910 0.568713
-0.858869 0.320126
-0.853705 0.421087
-0.850882 0.213623
-0.849651 -0.331914
-0.849202 -0.116429
-0.847099 -0.224812
-0.847051 -0.574218
-0.846175 -0.437763
-0.843143 -0.007880
-0.840650 0.102881
-0.840274 0.515596
-0.807542 -0.504938
-0.796281 0.266486
-0.795908 0.370499
-0.789661 -0.385820
-0.789543 -0.278359
-0.788206 -0.170199
-0.788161 -0.062147
-0.787238 0.158117
-0.784854 0.047448
-0.784568 0.471678
-0.774481 0.602875
-0.754500 -0.610094
-0.740286 0.537713
-0.739732 -0.445960
-0.738045 -0.547582
-0.736857 0.318226
-0.733537 0.212013
-0.731192 -0.332398
-0.730684 0.422615
-0.730606 -0.115924
-0.729682 -0.224208
-0.727582 -0.007309
-0.726824 0.102599
-0.681576 -0.494741
-0.676825 -0.389062
-0.676600 0.264757
-0.676111 0.483346
-0.675834 0.635978
-0.675061 0.370852
-0.671828 -0.278426
-0.671538 0.157129
-0.670930 -0.169880
-0.670840 -0.061593
-0.669261 0.047569
-0.666004 0.581556
-0.655474 -0.587330
-0.649427 -0.643817
-0.619266 -0.440768
-0.617696 0.427860
-0.617364 0.317570
-0.615578 -0.333662
-0.615575 0.210701
-0.612753 -0.115626
-0.612598 0.534659
-0.612521 -0.224180
-0.611441 0.102203
-0.611358 -0.007016
-0.608209 -0.539768
-0.585126 0.661253
-0.559666 0.372263
-0.558311 0.597890
-0.557877 0.263878
-0.557765 -0.386674
-0.557616 0.481258
-0.555282 -0.278899
-0.554783 0.156327
-0.554685 -0.489562
-0.553801 -0.169850
-0.553667 -0.061321
-0.553044 0.047528
-0.551597 -0.669463
-0.549766 -0.600417
-0.501773 0.539144
-0.501299 0.425289
-0.500192 0.317652
-0.497659 0.209973
-0.497277 -0.332571
-0.496264 -0.437985
-0.495750 -0.224365
-0.495394 -0.115555
-0.495077 0.101850
-0.494747 -0.006916
-0.493598 -0.545159
-0.488185 0.683433
-0.467792 -0.637587
-0.464890 0.635422
-0.445471 0.479376
-0.442005 0.370570
-0.440069 0.263613
-0.437601 0.155876
-0.437562 -0.278409
-0.437242 -0.385323
-0.436877 -0.169934
-0.436628 -0.061249
-0.436399 0.047432
-0.436237 -0.693430
-0.435690 -0.491986
-0.431694 0.586758
-0.421076 -0.590588
-0.393225 0.700766
-0.385423 0.528102
-0.384854 0.423556
-0.381811 0.316718
-0.379980 0.209711
-0.378448 -0.224161
-0.378322 -0.115578
-0.378299 -0.331982
-0.378252 0.101641
-0.377957 -0.006922
-0.376983 -0.439173
-0.368191 -0.541983
-0.357753 -0.649701
-0.353024 0.646958
-0.326059 0.579464
-0.325663 0.473798
-0.323721 -0.710884
-0.323612 0.369618
-0.321702 0.263158
-0.320336 0.155698
-0.319769 -0.169859
-0.319682 -0.061252
-0.319584 -0.278184
-0.319563 0.047355
-0.318555 -0.386036
-0.313331 -0.491622
-0.306050 -0.599595
-0.293250 0.714664
-0.266868 0.524340
-0.264156 0.421022
-0.262958 0.316372
-0.262074 0.209476
-0.261279 -0.115545
-0.261277 0.101543
-0.261108 -0.006942
-0.261076 -0.224092
-0.260347 -0.332454
-0.257380 0.619331
-0.257098 -0.439781
-0.251987 -0.548507
-0.250885 -0.661872
-0.230875 0.671213
-0.209641 -0.723047
-0.204438 0.472075
-0.203248 0.263053
-0.203107 0.368791
-0.202939 0.155555
-0.202754 -0.061233
-0.202695 -0.169846
-0.202664 0.047322
-0.202228 -0.278486
-0.200687 0.569244
-0.200262 -0.386803
-0.196953 -0.496139
-0.195347 -0.608857
-0.175797 0.725629
-0.145249 0.622940
-0.144331 -0.115546
-0.144241 -0.006931
-0.144236 0.209397
-0.144190 0.101488
-0.144085 -0.224272
-0.143423 0.316231
-0.143009 -0.333049
-0.142464 0.420862
-0.142295 -0.670101
-0.140937 -0.442696
-0.140689 0.519977
-0.139621 -0.554897
-0.111476 0.676489
-0.094212 -0.729967
-0.085900 -0.061228
-0.085859 -0.169957
-0.085728 0.047330
-0.085544 0.155539
-0.085383 -0.278857
-0.084922 -0.614444
-0.084792 0.263004
-0.084253 -0.388493
-0.083497 -0.500092
-0.082552 0.369262
-0.081619 0.571939
-0.079186 0.471319
-0.058390 0.731039
-0.032459 -0.673817
-0.031094 0.625600
-0.027955 -0.558004
-0.027564 -0.115614
-0.027422 -0.224510
-0.027416 -0.006906
-0.027101 0.101531
-0.026984 -0.333922
-0.026713 -0.444769
-0.026437 0.209451
-0.024455 0.316528
-0.019657 0.421776
-0.017823 0.523693
0.002802 0.678953
0.021666 -0.731615
0.025675 -0.615725
0.029357 -0.501229
0.030688 -0.389376
0.030756 -0.170128
0.030797 -0.279345
0.030806 -0.061235
0.031154 0.047396
0.031792 0.155664
0.033325 0.263336
0.037240 0.369917
0.038696 0.577427
0.043179 0.475892
0.059286 0.731019
0.077494 -0.672849
0.083807 -0.557323
0.087229 0.631027
0.087384 -0.444740
0.088654 -0.334386
0.088887 -0.224855
0.088988 -0.115682
0.089294 -0.006849
0.089890 0.101672
0.091079 0.209814
0.094016 0.317278
0.099195 0.424337
0.103968 0.532392
0.117917 0.681988
0.136400 -0.612700
0.136862 -0.728029
0.142762 -0.499526
0.146098 -0.389297
0.146829 -0.279784
0.147072 -0.170284
0.147339 -0.061215
0.147913 0.047535
0.148856 0.155973
0.150927 0.264129
0.155104 0.371949
0.159858 0.480387
0.160959 0.592009
0.181647 0.725215
0.186416 -0.667353
0.196393 -0.553359
0.202953 -0.443672
0.204768 -0.334782
0.204898 -0.225046
0.205325 -0.115715
0.205844 -0.006735
0.206669 0.101939
0.208033 0.210430
0.210955 0.655885
0.211140 0.319083
0.215693 0.427727
0.217322 0.538203
0.247618 -0.606022
0.250389 -0.719322
0.258688 -0.497118
0.262646 -0.279932
0.262921 -0.389695
0.263217 -0.170337
0.263677 -0.061122
0.264482 0.047740
0.265530 0.156456
0.267276 0.265377
0.269491 0.597174
0.271365 0.375050
0.274659 0.484426
0.286418 0.715458
0.293750 -0.657886
0.312557 -0.549241
0.317170 0.653378
0.320674 -0.334858
0.320769 -0.225087
0.321299 -0.444454
0.321481 -0.115609
0.322238 -0.006558
0.323136 0.102260
0.324177 0.211318
0.326434 0.321105
0.330506 0.540947
0.331351 0.432113
0.361869 -0.705591
0.362900 -0.599648
0.378350 -0.280031
0.379224 -0.170137
0.379248 -0.389694
0.379435 -0.499270
0.379882 -0.060940
0.380876 0.047980
0.381640 0.156942
0.382462 0.266796
0.382756 0.594447
0.385461 0.377660
0.391146 0.489978
0.396146 0.700294
0.403799 -0.648401
0.427265 0.643896
0.436284 -0.224761
0.436600 -0.335196
0.436701 -0.554960
0.437602 -0.115340
0.438083 -0.444263
0.438533 -0.006333
0.439332 0.102535
0.439398 0.211944
0.440538 0.323047
0.444578 0.434704
0.451225 0.548044
0.475142 -0.686063
0.489756 -0.613556
0.493301 -0.279629
0.495316 -0.169714
0.495537 -0.498443
0.496040 -0.060589
0.496072 -0.390568
0.496357 0.267440
0.497201 0.048152
0.497435 0.157130
0.498891 0.380023
0.504242 0.491369
0.509482 0.607577
0.509853 0.678882
0.549245 -0.552067
0.551215 -0.334691
0.551628 -0.224244
0.553004 0.323406
0.553735 -0.114791
0.554129 0.211901
0.554951 -0.005938
0.555484 0.102376
0.556620 -0.446191
0.558554 0.437537
0.563020 0.546645
0.570968 -0.664791
0.596643 -0.601779
0.606462 0.655719
0.607962 -0.279274
0.609697 0.267081
0.609995 0.379518
0.610666 -0.389572
0.611512 -0.168908
0.612207 -0.059787
0.613184 0.156279
0.614054 0.048201
0.615852 0.597393
0.615981 -0.502589
0.621013 0.495625
0.665324 0.322651
0.666108 -0.334763
0.666310 -0.223348
0.668018 0.435183
0.668231 0.210023
0.669778 -0.113457
0.670357 -0.637638
0.670937 -0.443328
0.672051 -0.005332
0.672441 0.101668
0.675058 -0.560062
0.687591 0.554150
0.710794 0.624958
0.721338 -0.278739
0.721565 0.263855
0.722141 0.378376
0.726476 -0.494423
0.727578 -0.166702
0.727816 -0.390228
0.728040 0.488858
0.728810 -0.058573
0.730119 0.154470
0.732254 0.048109
0.754620 -0.610052
0.775033 0.317331
0.777790 -0.539804
0.778803 -0.220067
0.779428 -0.334994
0.781974 0.433879
0.783146 0.207059
0.786588 -0.111585
0.788856 0.536440
0.790417 -0.004655
0.791008 0.100570
0.793949 -0.444428
0.798446 0.593846
0.829050 0.369455
0.830571 -0.274057
0.834772 0.259981
0.837046 -0.578409
0.843665 -0.391748
0.845460 -0.163656
0.846098 -0.057408
0.849171 0.152265
0.850009 0.487969
0.852478 0.047869
0.856390 -0.495313
0.883715 0.418830
0.885317 -0.327340
0.888611 0.312636
0.891144 -0.215802
0.892271 0.554239
0.898877 0.204133
0.905072 -0.110201
0.910240 -0.004037
0.911445 0.099296
0.913877 -0.544054
0.919711 -0.447552
0.941560 -0.269101
0.942313 0.462405
0.943914 -0.377797
0.944954 0.363951
0.949055 0.257485
0.963168 -0.056842
0.967469 -0.161262
0.970285 0.515296
0.970664 0.149665
0.975313 0.047835
0.987740 -0.505700
0.998321 -0.321608
1.002785 -0.212729
1.005220 0.311126
1.005298 0.412237
1.009356 -0.418268
1.012894 0.201523
1.025167 -0.110336
1.030685 -0.002560
1.034150 0.097340
1.052063 0.467036
1.054617 -0.268762
1.055198 -0.465004
1.061653 0.256818
1.065970 -0.365773
1.066471 0.363217
1.076299 -0.054990
1.094221 0.146672
1.095514 -0.161584
1.103357 0.046840
1.107356 -0.215950
1.120854 0.200344
1.121809 0.312094
1.121932 -0.314366
1.122557 0.417349
1.125914 -0.414749
1.141934 -0.108678
1.152771 -0.001008
1.157430 0.093071
1.171168 0.258878
1.175981 -0.260592
1.184115 -0.054611
1.184719 0.364784
1.187064 -0.362593
1.208405 -0.199032
1.216485 0.148275
1.220697 0.203756
1.226109 -0.145127
1.238505 0.309365
1.240673 -0.306866
1.241330 0.038269
1.264534 0.093954
1.264707 -0.088184
1.272239 -0.020004
1.283687 0.251080
1.286815 -0.246448
1.320775 0.188023
1.321842 -0.185861
1.344582 0.131010
1.346358 -0.125673
1.361152 0.065664
1.362215 -0.059012
1.366601 0.007172
