-0.998642 0.052106
-0.995873 -0.090755
-0.975356 -0.220638
-0.942362 -0.334596
-0.891133 -0.453741
-0.832899 -0.553425
-0.769458 -0.638698
-0.703261 -0.710931
-0.636270 -0.771467
-0.569529 -0.821971
-0.500675 -0.865636
-0.442565 -0.896736
-0.382388 -0.924002
-0.319747 -0.947503
-0.265707 -0.964054
-0.205950 -0.978563
-0.150573 -0.988599
-0.096517 -0.995331
-0.043123 -0.999070
0.009903 -0.999951
0.062744 -0.998030
0.115630 -0.993292
0.169070 -0.985604
0.225633 -0.974212
0.276051 -0.961143
0.331659 -0.943399
0.382205 -0.924077
0.435619 -0.900131
0.489817 -0.871825
0.546999 -0.837134
0.604868 -0.796326
0.672762 -0.739859
0.739007 -0.673698
0.804716 -0.593659
0.868413 -0.495841
0.922255 -0.386582
0.963433 -0.267948
0.991785 -0.127920
0.999877 0.015659
0.989827 0.142275
0.960317 0.278912
0.920526 0.390680
0.863860 0.503732
0.801852 0.597522
0.736320 0.676634
0.669353 0.742945
0.602262 0.798298
0.533207 0.845985
0.474281 0.880373
0.410243 0.911976
0.355590 0.934642
0.295539 0.955331
0.243612 0.969873
0.185916 0.982566
0.132677 0.991159
0.083466 0.996511
0.027119 0.999632
-0.026704 0.999643
-0.080768 0.996733
-0.135933 0.990718
-0.184367 0.982857
-0.232281 0.972649
-0.283708 0.958911
-0.334902 0.942253
-0.394843 0.918749
-0.451478 0.892282
-0.518214 0.855251
-0.583747 0.811936
-0.650502 0.759505
-0.717802 0.696247
-0.784058 0.620687
-0.846887 0.531773
-0.903294 0.429022
-0.949979 0.312315
-0.984139 0.177397
