-1.265990 0.025794
-1.264605 -0.045026
-1.258657 0.088640
-1.254140 -0.110755
-1.240596 0.159351
-1.236444 -0.171428
-1.214064 0.225148
-1.206744 -0.239950
-1.184478 -0.007982
-1.178806 0.288904
-1.172080 0.113161
-1.169484 -0.303265
-1.163596 -0.070828
-1.154854 0.051967
-1.144727 -0.189116
-1.138889 0.174770
-1.134946 0.350553
-1.132257 -0.128711
-1.124014 -0.363979
-1.107207 0.234862
-1.101483 -0.248654
-1.091481 -0.010207
-1.082803 0.409645
-1.080245 0.110961
-1.070491 -0.422028
-1.068768 0.293721
-1.060010 -0.306565
-1.058422 -0.071300
-1.049792 -0.184502
-1.046345 0.050020
-1.040185 0.173350
-1.022907 0.350807
-1.022876 0.465648
-1.012637 -0.126858
-1.012546 -0.362663
-1.009228 -0.477077
-1.002491 0.233750
-0.999234 -0.244913
-0.991665 -0.010692
-0.983190 0.110974
-0.969852 0.405472
-0.959393 0.292054
-0.958649 -0.416453
-0.955695 0.518135
-0.951786 -0.303383
-0.948864 -0.069448
-0.945874 -0.184426
-0.940235 -0.529009
-0.940076 0.050097
-0.938931 0.172597
-0.910329 0.457235
-0.909704 0.348154
-0.899801 -0.359721
-0.899235 -0.467927
-0.898359 -0.126255
-0.896278 0.232247
-0.893164 -0.243621
-0.887526 -0.009471
-0.882597 0.111041
-0.881444 0.566969
-0.860225 -0.579492
-0.853407 0.402049
-0.849027 0.289799
-0.845399 0.506133
-0.842580 -0.414691
-0.841948 -0.301451
-0.839468 -0.068020
-0.838829 -0.184125
-0.838496 -0.521185
-0.835322 0.171644
-0.833946 0.050782
-0.796990 0.613612
-0.796025 0.345399
-0.791239 0.454331
-0.788622 0.230488
-0.787482 -0.358118
-0.787065 -0.125621
-0.785117 -0.242560
-0.785072 -0.619551
-0.784260 -0.472323
-0.781449 -0.008502
-0.779139 0.111003
-0.778791 0.556301
-0.748454 -0.544802
-0.738017 0.287525
-0.737671 0.399748
-0.731881 -0.416280
-0.731772 -0.300334
-0.730532 -0.183636
-0.730491 -0.067053
-0.729635 0.170600
-0.727425 0.051194
-0.727160 0.508916
-0.717812 0.650470
-0.699293 -0.658260
-0.686119 0.580164
-0.685605 -0.481168
-0.684042 -0.590812
-0.682941 0.343349
-0.679864 0.228750
-0.677690 -0.358640
-0.677219 0.455979
-0.677147 -0.125076
-0.676291 -0.241908
-0.674344 -0.007887
-0.673641 0.110699
-0.631704 -0.533800
-0.627301 -0.419778
-0.627092 0.285659
-0.626639 0.521505
-0.626383 0.686187
-0.625666 0.400129
-0.622670 -0.300407
-0.622401 0.169534
-0.621837 -0.183291
-0.621754 -0.066456
-0.620291 0.051324
-0.617272 0.627468
-0.607513 -0.633698
-0.601908 -0.694644
-0.573954 -0.475566
-0.572498 0.461638
-0.572191 0.342642
-0.570535 -0.360004
-0.570532 0.227335
-0.567918 -0.124754
-0.567774 0.576868
-0.567703 -0.241878
-0.566701 0.110272
-0.566624 -0.007569
-0.563706 -0.582381
-0.542312 0.713457
-0.518715 0.401652
-0.517459 0.645092
-0.517057 0.284710
-0.516953 -0.417201
-0.516815 0.519252
-0.514651 -0.300917
-0.514189 0.168669
-0.514098 -0.528212
-0.513279 -0.183260
-0.513155 -0.066162
-0.512577 0.051280
-0.511236 -0.722315
-0.509539 -0.647819
-0.465058 0.581708
-0.464619 0.458865
-0.463593 0.342730
-0.461245 0.226550
-0.460891 -0.358827
-0.459952 -0.472563
-0.459476 -0.242078
-0.459145 -0.124678
-0.458851 0.109891
-0.458546 -0.007462
-0.457481 -0.588198
-0.452464 0.737388
-0.433564 -0.687922
-0.430874 0.685587
-0.412875 0.517221
-0.409663 0.399825
-0.407869 0.284425
-0.405582 0.168182
-0.405545 -0.300389
-0.405249 -0.415743
-0.404910 -0.183350
-0.404680 -0.066084
-0.404467 0.051176
-0.404317 -0.748175
-0.403811 -0.530827
-0.400106 0.633081
-0.390265 -0.637213
-0.364453 0.756089
-0.357221 0.569794
-0.356694 0.456995
-0.353873 0.341722
-0.352176 0.226267
-0.350757 -0.241858
-0.350640 -0.124703
-0.350619 -0.358191
-0.350575 0.109665
-0.350302 -0.007469
-0.349399 -0.473844
-0.341250 -0.584771
-0.331576 -0.700993
-0.327193 0.698034
-0.302201 0.625211
-0.301834 0.511203
-0.300034 -0.767006
-0.299933 0.398799
-0.298163 0.283933
-0.296897 0.167990
-0.296372 -0.183268
-0.296291 -0.066088
-0.296200 -0.300146
-0.296180 0.051093
-0.295246 -0.416513
-0.290404 -0.530434
-0.283657 -0.646932
-0.271792 0.771085
-0.247341 0.565736
-0.244828 0.454260
-0.243717 0.341348
-0.242898 0.226013
-0.242161 -0.124667
-0.242159 0.109560
-0.242003 -0.007490
-0.241973 -0.241784
-0.241297 -0.358701
-0.238547 0.668226
-0.238286 -0.474500
-0.233549 -0.591810
-0.232527 -0.714125
-0.213982 0.724204
-0.194301 -0.780130
-0.189479 0.509344
-0.188376 0.283820
-0.188246 0.397906
-0.188090 0.167836
-0.187918 -0.066067
-0.187864 -0.183255
-0.187835 0.051058
-0.187431 -0.300472
-0.186002 0.614184
-0.185609 -0.417340
-0.182542 -0.535308
-0.181053 -0.656925
-0.162934 0.782915
-0.134621 0.672120
-0.133770 -0.124668
-0.133686 -0.007478
-0.133682 0.225929
-0.133640 0.109500
-0.133542 -0.241977
-0.132929 0.341197
-0.132544 -0.359342
-0.132040 0.454088
-0.131883 -0.723004
-0.130625 -0.477646
-0.130395 0.561028
-0.129405 -0.598704
-0.103319 0.729896
-0.087318 -0.787596
-0.079615 -0.066062
-0.079576 -0.183375
-0.079455 0.051067
-0.079285 0.167818
-0.079136 -0.300872
-0.078708 -0.662953
-0.078588 0.283768
-0.078088 -0.419163
-0.077387 -0.539572
-0.076511 0.398414
-0.075647 0.617092
-0.073392 0.508528
-0.054117 0.788753
-0.030084 -0.727013
-0.028818 0.674990
-0.025909 -0.602057
-0.025547 -0.124741
-0.025416 -0.242234
-0.025410 -0.007451
-0.025118 0.109547
-0.025010 -0.360284
-0.024759 -0.479883
-0.024503 0.225986
-0.022665 0.341517
-0.018218 0.455074
-0.016518 0.565037
0.002597 0.732555
0.020081 -0.789374
0.023797 -0.664334
0.027209 -0.540799
0.028443 -0.420117
0.028505 -0.183559
0.028543 -0.301399
0.028552 -0.066069
0.028874 0.051138
0.029465 0.167954
0.030887 0.284125
0.034515 0.399121
0.035865 0.623014
0.040019 0.513462
0.054948 0.788731
0.071823 -0.725969
0.077674 -0.601322
0.080847 0.680845
0.080990 -0.479851
0.082167 -0.360784
0.082383 -0.242607
0.082477 -0.124815
0.082760 -0.007390
0.083312 0.109699
0.084415 0.226378
0.087137 0.342326
0.091937 0.457838
0.096360 0.574423
0.109289 0.735829
0.126420 -0.661071
0.126847 -0.785505
0.132316 -0.538962
0.135408 -0.420031
0.136086 -0.301872
0.136311 -0.183728
0.136558 -0.066048
0.137090 0.051287
0.137964 0.168286
0.139883 0.284982
0.143755 0.401314
0.148161 0.518312
0.149181 0.638747
0.168355 0.782469
0.172776 -0.720039
0.182023 -0.597045
0.188102 -0.478699
0.189785 -0.361212
0.189906 -0.242813
0.190301 -0.124850
0.190782 -0.007267
0.191546 0.109986
0.192811 0.227043
0.195519 0.707665
0.195691 0.344274
0.199911 0.461495
0.201421 0.580692
0.229499 -0.653866
0.232068 -0.776111
0.239759 -0.536364
0.243428 -0.302032
0.243683 -0.420460
0.243957 -0.183785
0.244383 -0.065948
0.245129 0.051509
0.246101 0.168808
0.247719 0.286328
0.249772 0.644320
0.251509 0.404659
0.254562 0.522670
0.265460 0.771942
0.272256 -0.709824
0.289687 -0.592602
0.293962 0.704960
0.297210 -0.361295
0.297298 -0.242857
0.297789 -0.479542
0.297958 -0.124736
0.298660 -0.007076
0.299492 0.110333
0.300457 0.228001
0.302548 0.346455
0.306322 0.583654
0.307105 0.466227
0.335391 -0.761296
0.336347 -0.646988
0.350666 -0.302138
0.351476 -0.183569
0.351498 -0.420459
0.351672 -0.538686
0.352086 -0.065751
0.353007 0.051767
0.353715 0.169332
0.354477 0.287859
0.354749 0.641377
0.357257 0.407475
0.362525 0.528660
0.367160 0.755580
0.374253 -0.699590
0.396002 0.694730
0.404361 -0.242506
0.404654 -0.361659
0.404748 -0.598772
0.405582 -0.124446
0.406028 -0.479337
0.406445 -0.006833
0.407185 0.110630
0.407247 0.228677
0.408304 0.348550
0.412048 0.469022
0.418209 0.591310
0.440375 -0.740225
0.453920 -0.661995
0.457206 -0.301705
0.459073 -0.183113
0.459278 -0.537794
0.459745 -0.065373
0.459774 -0.421402
0.460038 0.288554
0.460820 0.051954
0.461038 0.169535
0.462386 0.410024
0.467346 0.530161
0.472203 0.655544
0.472547 0.732478
0.509056 -0.595651
0.510882 -0.361114
0.511265 -0.241948
0.512541 0.348938
0.513218 -0.123854
0.513583 0.228630
0.514345 -0.006406
0.514839 0.110458
0.515892 -0.481417
0.517685 0.472080
0.521823 0.589801
0.529190 -0.717274
0.552986 -0.649288
0.562087 0.707486
0.563477 -0.301322
0.565085 0.288166
0.565361 0.409480
0.565983 -0.420327
0.566768 -0.182243
0.567412 -0.064507
0.568317 0.168617
0.569123 0.052006
0.570789 0.644556
0.570909 -0.542268
0.575573 0.534753
0.616642 0.348123
0.617368 -0.361192
0.617556 -0.240981
0.619138 0.469540
0.619336 0.226604
0.620770 -0.122414
0.621306 -0.687978
0.621844 -0.478328
0.622877 -0.005753
0.623238 0.109694
0.625663 -0.604277
0.637279 0.597899
0.658785 0.674297
0.668557 -0.300745
0.668768 0.284685
0.669301 0.408248
0.673319 -0.533456
0.674341 -0.179862
0.674562 -0.421036
0.674769 0.527453
0.675482 -0.063197
0.676696 0.166665
0.678674 0.051908
0.699404 -0.658214
0.718323 0.342383
0.720879 -0.582420
0.721818 -0.237440
0.722397 -0.361440
0.724757 0.468133
0.725842 0.223406
0.729032 -0.120395
0.731135 0.578791
0.732582 -0.005022
0.733129 0.108510
0.735855 -0.479515
0.740023 0.640728
0.768388 0.398622
0.769798 -0.295693
0.773691 0.280505
0.775799 -0.624072
0.781934 -0.422675
0.783597 -0.176577
0.784189 -0.061941
0.787037 0.164286
0.787813 0.526493
0.790101 0.051648
0.793727 -0.534417
0.819053 0.451896
0.820538 -0.353183
0.823591 0.337318
0.825938 -0.232839
0.826982 0.597995
0.833105 0.220249
0.838847 -0.118901
0.843637 -0.004355
0.844754 0.107135
0.847008 -0.587006
0.852415 -0.482885
0.872665 -0.290346
0.873363 0.498910
0.874848 -0.407623
0.875811 0.392684
0.879612 0.277813
0.892692 -0.061330
0.896678 -0.173993
0.899289 0.555977
0.899640 0.161481
0.903948 0.051611
0.915466 -0.545624
0.925273 -0.346998
0.929410 -0.229524
0.931667 0.335688
0.931740 0.444782
0.935501 -0.451289
0.938780 0.217433
0.950155 -0.119047
0.955269 -0.002762
0.958480 0.105024
0.975082 0.503908
0.977450 -0.289980
0.977988 -0.501715
0.983971 0.277093
0.987972 -0.394649
0.988437 0.391892
0.997545 -0.059331
1.014156 0.158252
1.015354 -0.174341
1.022624 0.050538
1.026330 -0.232998
1.038840 0.216161
1.039725 0.336733
1.039840 -0.339185
1.040419 0.450297
1.043530 -0.447492
1.058378 -0.117258
1.068422 -0.001088
1.072740 0.100419
1.085473 0.279316
1.089933 -0.281165
1.097472 -0.058923
1.098032 0.393583
1.100205 -0.391219
1.119985 -0.214745
1.127474 0.159981
1.131378 0.219842
1.136393 -0.156585
1.147883 0.333789
1.149892 -0.331092
1.150501 0.041290
1.172007 0.101371
1.172167 -0.095146
1.179149 -0.021584
1.189759 0.270902
1.192657 -0.265905
1.224133 0.202867
1.225122 -0.200534
1.246198 0.141353
1.247844 -0.135595
1.261556 0.070848
1.262541 -0.063671
1.266606 0.007738
