-0.999466 0.032673
-0.998372 -0.057033
-0.993677 0.112277
-0.990111 -0.140290
-0.979418 0.201844
-0.976140 -0.217142
-0.958472 0.285187
-0.952692 -0.303936
-0.935114 -0.010110
-0.930636 0.365945
-0.925327 0.143337
-0.923277 -0.384136
-0.918628 -0.089716
-0.911727 0.065825
-0.903732 -0.239546
-0.899123 0.221375
-0.896010 0.444034
-0.893887 -0.163034
-0.887379 -0.461040
-0.874111 0.297492
-0.869592 -0.314962
-0.861695 -0.012928
-0.854845 0.518884
-0.852825 0.140550
-0.845125 -0.534569
-0.843765 0.372046
-0.836850 -0.388316
-0.835596 -0.090313
-0.828784 -0.233702
-0.826062 0.063359
-0.821198 0.219577
-0.807558 0.444356
-0.807534 0.589821
-0.799450 -0.160687
-0.799378 -0.459373
-0.796759 -0.604298
-0.791441 0.296083
-0.788869 -0.310223
-0.782894 -0.013543
-0.776203 0.140567
-0.765673 0.513598
-0.757415 0.369935
-0.756828 -0.527507
-0.754496 0.656305
-0.751410 -0.384285
-0.749104 -0.087967
-0.746743 -0.233606
-0.742291 -0.670078
-0.742165 0.063456
-0.741261 0.218622
-0.718680 0.579164
-0.718188 0.440996
-0.710369 -0.455647
-0.709922 -0.592707
-0.709231 -0.159922
-0.707588 0.294179
-0.705129 -0.308587
-0.700679 -0.011996
-0.696787 0.140652
-0.695877 0.718161
-0.679125 -0.734023
-0.673743 0.509263
-0.670285 0.367079
-0.667421 0.641102
-0.665195 -0.525275
-0.664696 -0.381838
-0.662738 -0.086159
-0.662234 -0.233225
-0.661970 -0.660168
-0.659465 0.217416
-0.658378 0.064324
-0.629202 0.777242
-0.628440 0.437506
-0.624663 0.575486
-0.622596 0.291952
-0.621696 -0.453616
-0.621367 -0.159119
-0.619829 -0.307243
-0.619793 -0.784765
-0.619152 -0.598276
-0.616934 -0.010770
-0.615109 0.140604
-0.614835 0.704649
-0.590885 -0.690082
-0.582645 0.364198
-0.582372 0.506348
-0.577800 -0.527288
-0.577715 -0.380423
-0.576736 -0.232605
-0.576703 -0.084934
-0.576028 0.216094
-0.574283 0.064845
-0.574074 0.644627
-0.566694 0.823929
-0.552073 -0.833796
-0.541673 0.734875
-0.541267 -0.609479
-0.540033 -0.748362
-0.539164 0.434909
-0.536735 0.289750
-0.535019 -0.454277
-0.534647 0.577573
-0.534590 -0.158430
-0.533914 -0.306417
-0.532377 -0.009990
-0.531822 0.140219
-0.498714 -0.676146
-0.495238 -0.531718
-0.495073 0.361835
-0.494715 0.660573
-0.494513 0.869170
-0.493947 0.506830
-0.491582 -0.380515
-0.491369 0.214743
-0.490924 -0.232169
-0.490858 -0.084178
-0.489703 0.065011
-0.487320 0.794793
-0.479615 -0.802685
-0.475190 -0.879883
-0.453122 -0.602383
-0.451972 0.584741
-0.451730 0.434013
-0.450423 -0.456004
-0.450420 0.287958
-0.448356 -0.158022
-0.448243 0.730700
-0.448186 -0.306379
-0.447396 0.139678
-0.447335 -0.009588
-0.445031 -0.737682
-0.428141 0.903712
-0.409512 0.508759
-0.408520 0.817116
-0.408203 0.360633
-0.408121 -0.528454
-0.408012 0.657719
-0.406304 -0.381161
-0.405939 0.213647
-0.405867 -0.669068
-0.405220 -0.232129
-0.405122 -0.083805
-0.404666 0.064955
-0.403608 -0.914932
-0.402268 -0.820570
-0.367151 0.736830
-0.366804 0.581228
-0.365994 0.434124
-0.364141 0.286963
-0.363861 -0.454514
-0.363120 -0.598580
-0.362744 -0.306633
-0.362483 -0.157925
-0.362251 0.139195
-0.362010 -0.009452
-0.361169 -0.745051
-0.357209 0.934025
-0.342287 -0.871368
-0.340164 0.868410
-0.325954 0.655147
-0.323418 0.506445
-0.322001 0.360272
-0.320196 0.213031
-0.320167 -0.380493
-0.319933 -0.526608
-0.319666 -0.232244
-0.319484 -0.083707
-0.319316 0.064824
-0.319198 -0.947688
-0.318798 -0.672381
-0.315873 0.801903
-0.308104 -0.807136
-0.287726 0.957713
-0.282017 0.721739
-0.281600 0.578860
-0.279374 0.432848
-0.278034 0.286605
-0.276913 -0.306354
-0.276821 -0.157957
-0.276804 -0.453708
-0.276770 0.138909
-0.276554 -0.009460
-0.275841 -0.600203
-0.269408 -0.740710
-0.261770 -0.887925
-0.258310 0.884177
-0.238580 0.791934
-0.238290 0.647524
-0.236869 -0.971542
-0.236789 0.505145
-0.235392 0.359649
-0.234392 0.212787
-0.233978 -0.232140
-0.233914 -0.083711
-0.233842 -0.380185
-0.233826 0.064718
-0.233089 -0.527583
-0.229267 -0.671884
-0.223939 -0.819447
-0.214573 0.976708
-0.195269 0.716598
-0.193285 0.575396
-0.192408 0.432375
-0.191761 0.286284
-0.191180 -0.157911
-0.191178 0.138776
-0.191055 -0.009488
-0.191032 -0.306260
-0.190498 -0.454354
-0.188327 0.846419
-0.188120 -0.601034
-0.184381 -0.749626
-0.183574 -0.904558
-0.168933 0.917325
-0.153396 -0.988165
-0.149589 0.645169
-0.148718 0.359505
-0.148615 0.504015
-0.148492 0.212592
-0.148356 -0.083685
-0.148313 -0.232123
-0.148291 0.064674
-0.147971 -0.380598
-0.146844 0.777967
-0.146533 -0.528630
-0.144112 -0.678057
-0.142937 -0.832105
-0.128632 0.991692
-0.106280 0.851352
-0.105608 -0.157912
-0.105542 -0.009472
-0.105539 0.286176
-0.105505 0.138700
-0.105428 -0.306504
-0.104944 0.432182
-0.104640 -0.455167
-0.104242 0.575178
-0.104119 -0.915805
-0.103125 -0.605018
-0.102944 0.710636
-0.102162 -0.758359
-0.081568 0.924534
-0.068935 -0.997621
-0.062854 -0.083679
-0.062824 -0.232275
-0.062728 0.064685
-0.062593 0.212569
-0.062476 -0.381105
-0.062138 -0.839741
-0.062043 0.359439
-0.061649 -0.530940
-0.061095 -0.683458
-0.060404 0.504658
-0.059722 0.781650
-0.057941 0.644135
-0.042724 0.999087
-0.023751 -0.920883
-0.022751 0.854987
-0.020455 -0.762606
-0.020169 -0.158006
-0.020065 -0.306830
-0.020061 -0.009438
-0.019830 0.138760
-0.019745 -0.456359
-0.019546 -0.607852
-0.019344 0.286249
-0.017894 0.432588
-0.014383 0.576427
-0.013041 0.715714
0.002051 0.927903
0.015853 -0.999874
0.018787 -0.841490
0.021481 -0.685013
0.022455 -0.532148
0.022504 -0.232509
0.022534 -0.381772
0.022541 -0.083688
0.022795 0.064775
0.023262 0.212741
0.024384 0.359892
0.027249 0.505553
0.028314 0.789151
0.031594 0.650386
0.043380 0.999059
0.056703 -0.919560
0.061322 -0.761675
0.063826 0.862404
0.063939 -0.607812
0.064869 -0.456994
0.065039 -0.307302
0.065113 -0.158099
0.065337 -0.009360
0.065773 0.138952
0.066643 0.286746
0.068792 0.433613
0.072582 0.579928
0.076074 0.727602
0.086281 0.932050
0.099805 -0.837357
0.100143 -0.994973
0.104460 -0.682685
0.106901 -0.532039
0.107436 -0.382371
0.107614 -0.232722
0.107809 -0.083661
0.108229 0.064964
0.108919 0.213163
0.110434 0.360977
0.113491 0.508331
0.116969 0.656529
0.117775 0.809079
0.132912 0.991128
0.136402 -0.912049
0.143702 -0.756257
0.148502 -0.606352
0.149830 -0.457536
0.149926 -0.307564
0.150238 -0.158143
0.150617 -0.009205
0.151221 0.139316
0.152219 0.287587
0.154357 0.896376
0.154493 0.436080
0.157824 0.584560
0.159016 0.735544
0.181184 -0.828230
0.183212 -0.983073
0.189284 -0.679395
0.192180 -0.382574
0.192381 -0.532583
0.192598 -0.232794
0.192934 -0.083534
0.193523 0.065244
0.194290 0.213823
0.195568 0.362682
0.197188 0.816138
0.198560 0.512569
0.200970 0.662049
0.209574 0.977793
0.214939 -0.899111
0.228700 -0.750629
0.232075 0.892950
0.234640 -0.457640
0.234709 -0.307619
0.235097 -0.607420
0.235230 -0.157998
0.235784 -0.008963
0.236441 0.139755
0.237203 0.288802
0.238854 0.438843
0.241833 0.739295
0.242452 0.590555
0.264782 -0.964308
0.265537 -0.819519
0.276842 -0.382709
0.277481 -0.232520
0.277498 -0.532582
0.277636 -0.682335
0.277962 -0.083284
0.278690 0.065572
0.279249 0.214488
0.279850 0.364622
0.280065 0.812410
0.282045 0.516136
0.286204 0.669636
0.289863 0.957068
0.295463 -0.886148
0.312633 0.879991
0.319232 -0.307174
0.319463 -0.458101
0.319538 -0.758445
0.320197 -0.157632
0.320549 -0.607160
0.320878 -0.008655
0.321462 0.140132
0.321511 0.289657
0.322345 0.441497
0.325301 0.594095
0.330165 0.748993
0.347665 -0.937619
0.358358 -0.838527
0.360952 -0.382159
0.362426 -0.231943
0.362588 -0.681206
0.362956 -0.082806
0.362979 -0.533776
0.363188 0.365502
0.363806 0.065808
0.363977 0.214745
0.365042 0.519364
0.368958 0.671538
0.372792 0.830355
0.373063 0.927806
0.401886 -0.754491
0.403328 -0.457411
0.403630 -0.306467
0.404637 0.441988
0.405172 -0.156881
0.405460 0.289598
0.406062 -0.008115
0.406452 0.139914
0.407283 -0.609795
0.408698 0.597968
0.411966 0.747082
0.417782 -0.908547
0.436568 -0.822432
0.443753 0.896149
0.444850 -0.381675
0.446120 0.365010
0.446338 0.518675
0.446829 -0.532415
0.447448 -0.230841
0.447957 -0.081709
0.448671 0.213581
0.449308 0.065874
0.450623 0.816437
0.450718 -0.686872
0.454400 0.677354
0.486823 0.440956
0.487396 -0.457510
0.487544 -0.305242
0.488794 0.594751
0.488950 0.287031
0.490081 -0.155058
0.490505 -0.871438
0.490930 -0.605882
0.491745 -0.007288
0.492030 0.138946
0.493945 -0.765418
0.503115 0.757338
0.520093 0.854109
0.527808 -0.380943
0.527975 0.360601
0.528396 0.517114
0.531568 -0.675711
0.532374 -0.227826
0.532549 -0.533312
0.532712 0.668107
0.533275 -0.080049
0.534233 0.211109
0.535796 0.065750
0.552161 -0.833737
0.567097 0.433686
0.569115 -0.737732
0.569856 -0.300758
0.570313 -0.457825
0.572176 0.592968
0.573033 0.282981
0.575552 -0.152500
0.577212 0.733135
0.578354 -0.006362
0.578786 0.137445
0.580938 -0.607385
0.584229 0.811589
0.606622 0.504921
0.607735 -0.374544
0.610809 0.355307
0.612473 -0.790492
0.617316 -0.535388
0.618629 -0.223664
0.619096 -0.078458
0.621345 0.208096
0.621957 0.666891
0.623764 0.065421
0.626627 -0.676928
0.646621 0.572401
0.647793 -0.447365
0.650203 0.427270
0.652057 -0.294929
0.652881 0.757461
0.657715 0.278982
0.662248 -0.150608
0.666029 -0.005517
0.666911 0.135704
0.668691 -0.743541
0.672959 -0.611655
0.688946 -0.367772
0.689497 0.631953
0.690669 -0.516323
0.691430 0.497400
0.694430 0.351897
0.704757 -0.077685
0.707904 -0.220391
0.709965 0.704237
0.710242 0.204543
0.713643 0.065374
0.722736 -0.691124
0.730479 -0.439531
0.733745 -0.290730
0.735527 0.425205
0.735584 0.563391
0.738553 -0.571633
0.741142 0.275415
0.750122 -0.150793
0.754160 -0.003498
0.756695 0.133031
0.769802 0.638283
0.771671 -0.367308
0.772096 -0.635506
0.776819 0.350985
0.779978 -0.499889
0.780345 0.496396
0.787536 -0.075152
0.800649 0.200452
0.801595 -0.220832
0.807335 0.064015
0.810261 -0.295131
0.820137 0.273804
0.820836 0.426528
0.820926 -0.429634
0.821384 0.570376
0.823839 -0.566824
0.835562 -0.148526
0.843491 -0.001378
0.846900 0.127197
0.856953 0.353800
0.860474 -0.356142
0.866425 -0.074636
0.866868 0.498539
0.868583 -0.495543
0.884198 -0.272010
0.890111 0.202643
0.893193 0.278466
0.897153 -0.198341
0.906223 0.422799
0.907809 -0.419383
0.908290 0.052301
0.925269 0.128404
0.925395 -0.120519
0.930907 -0.027339
0.939283 0.343142
0.941572 -0.336813
0.966421 0.256964
0.967202 -0.254010
0.983840 0.179048
0.985140 -0.171753
0.995965 0.089741
0.996743 -0.080649
0.999952 0.009801
