-1.465884 0.022277
-1.464279 -0.038886
-1.457393 0.076552
-1.452162 -0.095652
-1.436479 0.137621
-1.431672 -0.148052
-1.405759 0.194446
-1.397282 -0.207229
-1.371500 -0.006893
-1.364933 0.249508
-1.357146 0.097730
-1.354139 -0.261911
-1.347321 -0.061170
-1.337199 0.044880
-1.325473 -0.163327
-1.318714 0.150937
-1.314148 0.302750
-1.311034 -0.111160
-1.301490 -0.314346
-1.282029 0.202836
-1.275401 -0.214747
-1.263820 -0.008815
-1.253772 0.353785
-1.250810 0.095830
-1.239516 -0.364479
-1.237521 0.253668
-1.227380 -0.264761
-1.225541 -0.061577
-1.215549 -0.159342
-1.211558 0.043199
-1.204424 0.149712
-1.184419 0.302970
-1.184383 0.402151
-1.172527 -0.109559
-1.172422 -0.313209
-1.168579 -0.412021
-1.160780 0.201875
-1.157008 -0.211515
-1.148244 -0.009234
-1.138431 0.095841
-1.122987 0.350181
-1.110876 0.252229
-1.110015 -0.359664
-1.106594 0.447481
-1.102069 -0.262013
-1.098685 -0.059978
-1.095223 -0.159277
-1.088694 -0.456871
-1.088509 0.043265
-1.087183 0.149061
-1.054065 0.394885
-1.053342 0.300679
-1.041875 -0.310668
-1.041219 -0.404119
-1.040206 -0.109038
-1.037795 0.200577
-1.034189 -0.210400
-1.027662 -0.008179
-1.021955 0.095899
-1.020619 0.489655
-0.996050 -0.500470
-0.988156 0.347225
-0.983084 0.250281
-0.978883 0.437115
-0.975619 -0.358142
-0.974887 -0.260344
-0.972016 -0.058745
-0.971276 -0.159017
-0.970890 -0.450114
-0.967215 0.148238
-0.965622 0.043857
-0.922830 0.529937
-0.921713 0.298299
-0.916172 0.392377
-0.913141 0.199058
-0.911821 -0.309284
-0.911338 -0.108491
-0.909082 -0.209484
-0.909030 -0.535067
-0.908090 -0.407915
-0.904836 -0.007343
-0.902161 0.095866
-0.901758 0.480442
-0.866631 -0.470511
-0.854546 0.248317
-0.854146 0.345237
-0.847441 -0.359514
-0.847315 -0.259380
-0.845879 -0.158595
-0.845831 -0.057910
-0.844841 0.147337
-0.842282 0.044213
-0.841975 0.439518
-0.831151 0.561770
-0.809708 -0.568497
-0.794453 0.501051
-0.793859 -0.415554
-0.792049 -0.510247
-0.790774 0.296529
-0.787211 0.197557
-0.784694 -0.309734
-0.784148 0.393800
-0.784065 -0.108020
-0.783074 -0.208921
-0.780820 -0.006811
-0.780006 0.095604
-0.731447 -0.461009
-0.726349 -0.362535
-0.726107 0.246706
-0.725582 0.450391
-0.725286 0.592616
-0.724455 0.345566
-0.720986 -0.259442
-0.720675 0.146415
-0.720022 -0.158297
-0.719926 -0.057394
-0.718232 0.044325
-0.714736 0.541905
-0.703436 -0.547285
-0.696946 -0.599920
-0.664578 -0.410716
-0.662893 0.398687
-0.662537 0.295918
-0.660620 -0.310912
-0.660617 0.196335
-0.657589 -0.107742
-0.657423 0.498205
-0.657340 -0.208895
-0.656180 0.095235
-0.656091 -0.006537
-0.652712 -0.502965
-0.627940 0.616167
-0.600617 0.346881
-0.599163 0.557125
-0.598697 0.245886
-0.598577 -0.360310
-0.598417 0.448445
-0.595912 -0.259883
-0.595377 0.145669
-0.595272 -0.456183
-0.594323 -0.158270
-0.594179 -0.057140
-0.593511 0.044287
-0.591958 -0.623817
-0.589993 -0.559480
-0.538489 0.502384
-0.537979 0.396292
-0.536792 0.295994
-0.534073 0.195657
-0.533663 -0.309896
-0.532576 -0.408123
-0.532025 -0.209068
-0.531642 -0.107676
-0.531302 0.094906
-0.530948 -0.006445
-0.529715 -0.507989
-0.523906 0.636835
-0.502021 -0.594115
-0.498907 0.592098
-0.478066 0.446691
-0.474347 0.345304
-0.472269 0.245640
-0.469621 0.145249
-0.469579 -0.259427
-0.469235 -0.359051
-0.468844 -0.158348
-0.468576 -0.057073
-0.468330 0.044198
-0.468157 -0.646151
-0.467570 -0.458442
-0.463281 0.546752
-0.451886 -0.550320
-0.421998 0.652986
-0.413624 0.492095
-0.413014 0.394677
-0.409748 0.295124
-0.407783 0.195412
-0.406139 -0.208878
-0.406004 -0.107698
-0.405979 -0.309347
-0.405929 0.094711
-0.405613 -0.006450
-0.404567 -0.409229
-0.395132 -0.505030
-0.383930 -0.605403
-0.378855 0.602848
-0.349917 0.539955
-0.349492 0.441493
-0.347408 -0.662415
-0.347290 0.344417
-0.345241 0.245215
-0.343775 0.145082
-0.343167 -0.158277
-0.343073 -0.057076
-0.342968 -0.259217
-0.342945 0.044126
-0.341863 -0.359715
-0.336258 -0.458102
-0.328444 -0.558714
-0.314707 0.665937
-0.286395 0.488590
-0.283485 0.392316
-0.282199 0.294801
-0.281250 0.195193
-0.280397 -0.107667
-0.280394 0.094620
-0.280214 -0.006469
-0.280180 -0.208813
-0.279396 -0.309787
-0.276213 0.577104
-0.275910 -0.409796
-0.270425 -0.511109
-0.269242 -0.616744
-0.247769 0.625449
-0.224981 -0.673749
-0.219397 0.439888
-0.218120 0.245117
-0.217969 0.343646
-0.217788 0.144949
-0.217589 -0.057058
-0.217526 -0.158265
-0.217493 0.044096
-0.217025 -0.259499
-0.215371 0.530432
-0.214916 -0.360430
-0.211365 -0.462311
-0.209640 -0.567344
-0.188660 0.676154
-0.155877 0.580467
-0.154891 -0.107668
-0.154795 -0.006458
-0.154790 0.195120
-0.154741 0.094568
-0.154628 -0.208980
-0.153918 0.294670
-0.153473 -0.310341
-0.152888 0.392167
-0.152707 -0.624412
-0.151250 -0.412513
-0.150984 0.484524
-0.149837 -0.517063
-0.119633 0.630364
-0.101105 -0.680196
-0.092186 -0.057054
-0.092141 -0.158369
-0.092001 0.044103
-0.091804 0.144934
-0.091631 -0.259844
-0.091136 -0.572551
-0.090996 0.245072
-0.090418 -0.362005
-0.089607 -0.465994
-0.088592 0.344085
-0.087592 0.532943
-0.084980 0.439183
-0.062662 0.681196
-0.034835 -0.627875
-0.033369 0.582946
-0.030000 -0.519959
-0.029581 -0.107731
-0.029429 -0.209202
-0.029423 -0.006435
-0.029084 0.094609
-0.028959 -0.311154
-0.028668 -0.414444
-0.028371 0.195170
-0.026244 0.294947
-0.021095 0.393019
-0.019127 0.487987
0.003007 0.632661
0.023251 -0.681732
0.027554 -0.573743
0.031505 -0.467054
0.032934 -0.362828
0.033006 -0.158529
0.033050 -0.260299
0.033061 -0.057060
0.033433 0.044165
0.034118 0.145051
0.035764 0.245381
0.039965 0.344695
0.041527 0.538057
0.046338 0.443445
0.063624 0.681176
0.083164 -0.626973
0.089939 -0.519324
0.093612 0.588003
0.093778 -0.414417
0.095141 -0.311587
0.095391 -0.209524
0.095499 -0.107795
0.095827 -0.006382
0.096467 0.094740
0.097743 0.195509
0.100895 0.295646
0.106453 0.395405
0.111575 0.496092
0.126545 0.635488
0.146381 -0.570925
0.146876 -0.678391
0.153208 -0.465467
0.156788 -0.362754
0.157573 -0.260708
0.157834 -0.158674
0.158120 -0.057042
0.158735 0.044294
0.159748 0.145338
0.161970 0.246120
0.166453 0.346589
0.171555 0.447633
0.172736 0.551645
0.194938 0.675769
0.200056 -0.621852
0.210763 -0.515630
0.217803 -0.413422
0.219751 -0.311956
0.219891 -0.209702
0.220349 -0.107825
0.220905 -0.006276
0.221791 0.094988
0.223254 0.196082
0.226391 0.611165
0.226590 0.297327
0.231475 0.398564
0.233224 0.501507
0.265736 -0.564702
0.268711 -0.670277
0.277616 -0.463224
0.281865 -0.260846
0.282159 -0.363125
0.282477 -0.158723
0.282970 -0.056955
0.283834 0.044485
0.284959 0.145788
0.286833 0.247283
0.289209 0.556458
0.291221 0.349479
0.294756 0.451397
0.307375 0.666677
0.315243 -0.613030
0.335427 -0.511793
0.340377 0.608829
0.344138 -0.312027
0.344240 -0.209741
0.344808 -0.414150
0.345004 -0.107726
0.345817 -0.006111
0.346780 0.095287
0.347897 0.196910
0.350319 0.299211
0.354689 0.504065
0.355596 0.402651
0.388347 -0.657483
0.389454 -0.558763
0.406034 -0.260938
0.406972 -0.158536
0.406997 -0.363124
0.407199 -0.465229
0.407678 -0.056785
0.408745 0.044708
0.409565 0.146242
0.410447 0.248606
0.410762 0.553916
0.413666 0.351911
0.419766 0.456570
0.425133 0.652546
0.433346 -0.604192
0.458528 0.599994
0.468207 -0.209437
0.468546 -0.312342
0.468655 -0.517121
0.469622 -0.107476
0.470138 -0.413972
0.470621 -0.005901
0.471478 0.095544
0.471549 0.197493
0.472773 0.301021
0.477108 0.405065
0.484241 0.510677
0.509908 -0.639286
0.525592 -0.571723
0.529396 -0.260563
0.531559 -0.158143
0.531796 -0.464458
0.532336 -0.056458
0.532370 -0.363938
0.532676 0.249206
0.533582 0.044869
0.533833 0.146417
0.535395 0.354112
0.541138 0.457867
0.546761 0.566151
0.547160 0.632595
0.589433 -0.514426
0.591548 -0.311871
0.591991 -0.208955
0.593468 0.301355
0.594252 -0.106964
0.594675 0.197453
0.595557 -0.005533
0.596129 0.095396
0.597349 -0.415769
0.599424 0.407705
0.604217 0.509374
0.612746 -0.619464
0.640300 -0.560749
0.650837 0.611011
0.652447 -0.260233
0.654309 0.248871
0.654629 0.353642
0.655349 -0.363010
0.656257 -0.157392
0.657003 -0.055710
0.658051 0.145623
0.658985 0.044914
0.660914 0.556662
0.661053 -0.468322
0.666453 0.461832
0.714006 0.300652
0.714847 -0.311939
0.715064 -0.208120
0.716897 0.405512
0.717126 0.195703
0.718786 -0.105721
0.719407 -0.594163
0.720030 -0.413101
0.721226 -0.004969
0.721644 0.094736
0.724452 -0.521876
0.737902 0.516367
0.762803 0.582347
0.774119 -0.259734
0.774363 0.245864
0.774980 0.352578
0.779633 -0.460712
0.780815 -0.155336
0.781071 -0.363622
0.781311 0.455527
0.782137 -0.054579
0.783542 0.143938
0.785834 0.044829
0.809837 -0.568457
0.831743 0.295695
0.834702 -0.502999
0.835789 -0.205062
0.836460 -0.312153
0.839192 0.404297
0.840449 0.192941
0.844143 -0.103977
0.846577 0.499865
0.848253 -0.004337
0.848886 0.093713
0.852043 -0.414126
0.856869 0.553356
0.889712 0.344264
0.891345 -0.255371
0.895853 0.242255
0.898293 -0.538972
0.905397 -0.365038
0.907323 -0.152498
0.908008 -0.053494
0.911306 0.141884
0.912204 0.454698
0.914854 0.044605
0.919053 -0.461542
0.948377 0.390273
0.950096 -0.305021
0.953632 0.291320
0.956350 -0.201088
0.957559 0.516450
0.964648 0.190215
0.971296 -0.102687
0.976843 -0.003761
0.978136 0.092526
0.980746 -0.506960
0.987007 -0.417037
1.010454 -0.250754
1.011263 0.430877
1.012981 -0.352038
1.014097 0.339136
1.018498 0.239930
1.033644 -0.052967
1.038259 -0.150267
1.041282 0.480162
1.041688 0.139461
1.046677 0.044573
1.060013 -0.471221
1.071369 -0.299680
1.076159 -0.198225
1.078772 0.289913
1.078857 0.384130
1.083211 -0.389749
1.087009 0.187783
1.100179 -0.102813
1.106101 -0.002385
1.109819 0.090703
1.129043 0.435193
1.131784 -0.250438
1.132408 -0.433299
1.139334 0.239308
1.143968 -0.340833
1.144506 0.338452
1.155053 -0.051240
1.174286 0.136672
1.175673 -0.150567
1.184091 0.043646
1.188382 -0.201226
1.202867 0.186685
1.203893 0.290815
1.204025 -0.292932
1.204696 0.388893
1.208298 -0.386471
1.225491 -0.101268
1.237120 -0.000940
1.242120 0.086725
1.256864 0.241227
1.262028 -0.242824
1.270757 -0.050888
1.271406 0.339913
1.273922 -0.337871
1.296824 -0.185461
1.305496 0.138165
1.310016 0.189863
1.315824 -0.135232
1.329128 0.288272
1.331454 -0.285943
1.332159 0.035660
1.357061 0.087548
1.357246 -0.082172
1.365330 -0.018640
1.377616 0.233961
1.380972 -0.229645
1.417417 0.175203
1.418562 -0.173189
1.442966 0.122078
1.444872 -0.117105
1.460749 0.061187
1.461889 -0.054988
1.466596 0.006683
