-1.482541 0.022026
-1.480919 -0.038449
-1.473954 0.075692
-1.468664 -0.094577
-1.452803 0.136075
-1.447941 -0.146388
-1.421733 0.192261
-1.413160 -0.204901
-1.387086 -0.006816
-1.380444 0.246705
-1.372568 0.096632
-1.369527 -0.258968
-1.362632 -0.060483
-1.352394 0.044376
-1.340535 -0.161492
-1.333699 0.149241
-1.329082 0.299349
-1.325932 -0.109911
-1.316279 -0.310814
-1.296598 0.200556
-1.289894 -0.212334
-1.278182 -0.008716
-1.268020 0.349809
-1.265023 0.094753
-1.253602 -0.360384
-1.251584 0.250818
-1.241327 -0.261786
-1.239468 -0.060885
-1.229362 -0.157552
-1.225325 0.042714
-1.218111 0.148029
-1.197878 0.299566
-1.197842 0.397632
-1.185851 -0.108328
-1.185745 -0.309690
-1.181859 -0.407392
-1.173970 0.199606
-1.170155 -0.209139
-1.161292 -0.009130
-1.151368 0.094764
-1.135748 0.346246
-1.123500 0.249394
-1.122629 -0.355623
-1.119169 0.442453
-1.114592 -0.259069
-1.111170 -0.059304
-1.107668 -0.157487
-1.101065 -0.451738
-1.100878 0.042779
-1.099537 0.147386
-1.066043 0.390448
-1.065312 0.297300
-1.053714 -0.307178
-1.053051 -0.399578
-1.052026 -0.107813
-1.049589 0.198323
-1.045942 -0.208036
-1.039340 -0.008087
-1.033568 0.094821
-1.032217 0.484154
-1.007369 -0.494847
-0.999385 0.343323
-0.994256 0.247469
-0.990007 0.432203
-0.986706 -0.354118
-0.985965 -0.257419
-0.983061 -0.058085
-0.982313 -0.157230
-0.981923 -0.445057
-0.978206 0.146572
-0.976595 0.043364
-0.933317 0.523983
-0.932187 0.294948
-0.926583 0.387968
-0.923518 0.196821
-0.922182 -0.305809
-0.921695 -0.107272
-0.919413 -0.207130
-0.919360 -0.529055
-0.918409 -0.403332
-0.915118 -0.007260
-0.912412 0.094789
-0.912005 0.475044
-0.876479 -0.465224
-0.864256 0.245527
-0.863852 0.341358
-0.857071 -0.355475
-0.856944 -0.256465
-0.855492 -0.156813
-0.855443 -0.057259
-0.854442 0.145681
-0.851853 0.043716
-0.851543 0.434580
-0.840595 0.555458
-0.818909 -0.562109
-0.803481 0.495421
-0.802880 -0.410885
-0.801049 -0.504514
-0.799760 0.293197
-0.796156 0.195337
-0.793611 -0.306254
-0.793059 0.389375
-0.792975 -0.106807
-0.791972 -0.206573
-0.789692 -0.006735
-0.788870 0.094529
-0.739759 -0.455829
-0.734603 -0.358462
-0.734358 0.243934
-0.733828 0.445330
-0.733527 0.585958
-0.732688 0.341683
-0.729179 -0.256527
-0.728865 0.144770
-0.728204 -0.156519
-0.728107 -0.056749
-0.726393 0.043827
-0.722858 0.535816
-0.711430 -0.541136
-0.704866 -0.593180
-0.672130 -0.406101
-0.670426 0.394208
-0.670066 0.292593
-0.668127 -0.307419
-0.668124 0.194129
-0.665062 -0.106531
-0.664893 0.492607
-0.664810 -0.206547
-0.663637 0.094165
-0.663547 -0.006464
-0.660129 -0.497314
-0.635075 0.609244
-0.607443 0.342984
-0.605971 0.550865
-0.605501 0.243123
-0.605379 -0.356261
-0.605217 0.443406
-0.602684 -0.256963
-0.602143 0.144032
-0.602036 -0.451057
-0.601077 -0.156491
-0.600931 -0.056498
-0.600255 0.043790
-0.598685 -0.616808
-0.596697 -0.553194
-0.544608 0.496739
-0.544093 0.391839
-0.542892 0.292668
-0.540142 0.193458
-0.539728 -0.306414
-0.538628 -0.403537
-0.538070 -0.206719
-0.537684 -0.106466
-0.537339 0.093839
-0.536982 -0.006372
-0.535734 -0.502282
-0.529859 0.629680
-0.507726 -0.587439
-0.504576 0.585445
-0.483499 0.441672
-0.479737 0.341424
-0.477636 0.242880
-0.474958 0.143617
-0.474915 -0.256512
-0.474567 -0.355017
-0.474171 -0.156569
-0.473901 -0.056432
-0.473652 0.043701
-0.473477 -0.638891
-0.472883 -0.453291
-0.468546 0.540609
-0.457021 -0.544137
-0.426793 0.645649
-0.418325 0.486566
-0.417707 0.390243
-0.414404 0.291808
-0.412417 0.193217
-0.410755 -0.206531
-0.410618 -0.106488
-0.410593 -0.305871
-0.410542 0.093646
-0.410222 -0.006378
-0.409164 -0.404631
-0.399622 -0.499355
-0.388293 -0.598601
-0.383160 0.596074
-0.353893 0.533888
-0.353464 0.436533
-0.351356 -0.654972
-0.351237 0.340547
-0.349164 0.242460
-0.347681 0.143452
-0.347067 -0.156499
-0.346972 -0.056434
-0.346865 -0.256305
-0.346842 0.043630
-0.345748 -0.355674
-0.340079 -0.452955
-0.332177 -0.552436
-0.318283 0.658455
-0.289649 0.483100
-0.286706 0.387908
-0.285406 0.291488
-0.284446 0.193000
-0.283584 -0.106457
-0.283581 0.093557
-0.283398 -0.006396
-0.283363 -0.206467
-0.282571 -0.306306
-0.279351 0.570620
-0.279045 -0.405191
-0.273498 -0.505366
-0.272302 -0.609814
-0.250584 0.618421
-0.227537 -0.666179
-0.221890 0.434945
-0.220598 0.242363
-0.220446 0.339785
-0.220263 0.143321
-0.220062 -0.056417
-0.219998 -0.156487
-0.219965 0.043600
-0.219491 -0.256583
-0.217818 0.524472
-0.217358 -0.356380
-0.213766 -0.457117
-0.212023 -0.560970
-0.190804 0.668557
-0.157649 0.573945
-0.156652 -0.106458
-0.156554 -0.006386
-0.156549 0.192928
-0.156499 0.093506
-0.156385 -0.206632
-0.155667 0.291359
-0.155217 -0.306854
-0.154626 0.387760
-0.154442 -0.617396
-0.152969 -0.407878
-0.152700 0.479080
-0.151540 -0.511253
-0.120992 0.623282
-0.102254 -0.672554
-0.093233 -0.056413
-0.093188 -0.156590
-0.093046 0.043608
-0.092847 0.143305
-0.092672 -0.256924
-0.092171 -0.566117
-0.092030 0.242319
-0.091446 -0.357937
-0.090625 -0.460759
-0.089599 0.340219
-0.088587 0.526955
-0.085946 0.434249
-0.063374 0.673542
-0.035230 -0.620820
-0.033748 0.576396
-0.030341 -0.514116
-0.029917 -0.106521
-0.029763 -0.206851
-0.029757 -0.006363
-0.029415 0.093546
-0.029288 -0.307658
-0.028994 -0.409788
-0.028694 0.192977
-0.026542 0.291633
-0.021335 0.388603
-0.019344 0.482504
0.003042 0.625552
0.023515 -0.674073
0.027867 -0.567297
0.031863 -0.461806
0.033308 -0.358751
0.033381 -0.156747
0.033426 -0.257374
0.033436 -0.056419
0.033813 0.043669
0.034506 0.143421
0.036170 0.242624
0.040419 0.340822
0.041999 0.532012
0.046865 0.438462
0.064347 0.673523
0.084109 -0.619928
0.090961 -0.513488
0.094676 0.581396
0.094843 -0.409761
0.096222 -0.308086
0.096475 -0.207170
0.096584 -0.106584
0.096916 -0.006310
0.097563 0.093675
0.098854 0.193312
0.102042 0.292324
0.107663 0.390962
0.112843 0.490518
0.127983 0.628348
0.148044 -0.564510
0.148545 -0.670768
0.154949 -0.460237
0.158570 -0.358678
0.159363 -0.257778
0.159627 -0.156891
0.159916 -0.056401
0.160539 0.043796
0.161563 0.143705
0.163811 0.243355
0.168345 0.342695
0.173505 0.442604
0.174699 0.545447
0.197153 0.668176
0.202329 -0.614865
0.213158 -0.509837
0.220278 -0.408777
0.222248 -0.308451
0.222390 -0.207346
0.222853 -0.106614
0.223416 -0.006206
0.224311 0.093921
0.225791 0.193879
0.228963 0.604298
0.229164 0.293987
0.234106 0.394086
0.235874 0.495872
0.268756 -0.558357
0.271764 -0.662746
0.280771 -0.458019
0.285068 -0.257915
0.285366 -0.359045
0.285687 -0.156940
0.286186 -0.056315
0.287059 0.043985
0.288197 0.144150
0.290092 0.244505
0.292496 0.550206
0.294530 0.345552
0.298106 0.446325
0.310868 0.659186
0.318826 -0.606142
0.339239 -0.506042
0.344245 0.601989
0.348049 -0.308521
0.348152 -0.207384
0.348727 -0.409497
0.348925 -0.106516
0.349747 -0.006043
0.350721 0.094217
0.351851 0.194698
0.354300 0.295849
0.358720 0.498401
0.359637 0.398127
0.392760 -0.650095
0.393880 -0.552485
0.410648 -0.258006
0.411597 -0.156755
0.411622 -0.359044
0.411826 -0.460001
0.412311 -0.056147
0.413390 0.044206
0.414219 0.144598
0.415111 0.245812
0.415430 0.547692
0.418366 0.347957
0.424536 0.451440
0.429964 0.645214
0.438270 -0.597403
0.463739 0.593252
0.473528 -0.207083
0.473871 -0.308832
0.473981 -0.511311
0.474958 -0.106269
0.475481 -0.409321
0.475969 -0.005835
0.476835 0.094471
0.476908 0.195274
0.478145 0.297639
0.482529 0.400513
0.489744 0.504939
0.515703 -0.632103
0.531565 -0.565299
0.535412 -0.257635
0.537599 -0.156366
0.537839 -0.459240
0.538385 -0.055824
0.538419 -0.359849
0.538729 0.246406
0.539645 0.044365
0.539899 0.144772
0.541479 0.350133
0.547287 0.452722
0.552974 0.559790
0.553377 0.625487
0.596131 -0.508646
0.598270 -0.308367
0.598718 -0.206607
0.600212 0.297969
0.601005 -0.105763
0.601433 0.195235
0.602325 -0.005471
0.602903 0.094324
0.604137 -0.411098
0.606236 0.403124
0.611083 0.503651
0.619709 -0.612504
0.647576 -0.554448
0.658233 0.604146
0.659861 -0.257309
0.661745 0.246074
0.662068 0.349669
0.662796 -0.358931
0.663715 -0.155623
0.664469 -0.055085
0.665529 0.143987
0.666474 0.044410
0.668424 0.550407
0.668565 -0.463060
0.674026 0.456643
0.722120 0.297274
0.722971 -0.308434
0.723190 -0.205781
0.725044 0.400955
0.725275 0.193504
0.726954 -0.104533
0.727583 -0.587487
0.728212 -0.408460
0.729421 -0.004913
0.729845 0.093671
0.732685 -0.516012
0.746287 0.510565
0.771472 0.575804
0.782915 -0.256816
0.783162 0.243102
0.783787 0.348616
0.788492 -0.455535
0.789688 -0.153590
0.789947 -0.359536
0.790190 0.450409
0.791025 -0.053966
0.792446 0.142321
0.794764 0.044326
0.819039 -0.562070
0.841194 0.292372
0.844187 -0.497347
0.845286 -0.202758
0.845965 -0.308646
0.848728 0.399754
0.849999 0.190774
0.853735 -0.102809
0.856198 0.494248
0.857892 -0.004289
0.858533 0.092660
0.861725 -0.409473
0.866606 0.547139
0.899823 0.340396
0.901474 -0.252502
0.906033 0.239533
0.908501 -0.532916
0.915686 -0.360936
0.917633 -0.150785
0.918326 -0.052893
0.921661 0.140290
0.922570 0.449589
0.925250 0.044104
0.929497 -0.456356
0.959154 0.385888
0.960893 -0.301594
0.964468 0.288047
0.967217 -0.198829
0.968440 0.510648
0.975610 0.188077
0.982334 -0.101533
0.987944 -0.003719
0.989251 0.091486
0.991891 -0.501263
0.998223 -0.412352
1.021937 -0.247936
1.022755 0.426036
1.024493 -0.348083
1.025621 0.335326
1.030072 0.237234
1.045390 -0.052372
1.050057 -0.148578
1.053114 0.474767
1.053526 0.137894
1.058571 0.044072
1.072059 -0.465926
1.083544 -0.296313
1.088388 -0.195998
1.091031 0.286655
1.091116 0.379814
1.095521 -0.385370
1.099361 0.185673
1.112681 -0.101658
1.118671 -0.002358
1.122431 0.089684
1.141873 0.430303
1.144645 -0.247624
1.145276 -0.428431
1.152281 0.236619
1.156967 -0.337004
1.157512 0.334649
1.168178 -0.050665
1.187630 0.135136
1.189033 -0.148875
1.197546 0.043156
1.201887 -0.198965
1.216536 0.184587
1.217573 0.287547
1.217707 -0.289641
1.218386 0.384523
1.222028 -0.382128
1.239417 -0.100130
1.251179 -0.000929
1.256235 0.085751
1.271146 0.238517
1.276369 -0.240096
1.285198 -0.050316
1.285853 0.336093
1.288398 -0.334074
1.311561 -0.183377
1.320332 0.136613
1.324903 0.187730
1.330777 -0.133713
1.344231 0.285033
1.346584 -0.282730
1.347297 0.035259
1.372482 0.086564
1.372670 -0.081249
1.380845 -0.018431
1.393270 0.231332
1.396665 -0.227065
1.433524 0.173234
1.434682 -0.171243
1.459363 0.120706
1.461291 -0.115789
1.477348 0.060499
1.478501 -0.054370
1.483262 0.006608
