-0.997992 0.063347
-0.993916 -0.110145
-0.964131 -0.265426
-0.917949 -0.396699
-0.849934 -0.526888
-0.777226 -0.629222
-0.702929 -0.711260
-0.629970 -0.776620
-0.560101 -0.828424
-0.493822 -0.869563
-0.428262 -0.903655
-0.374830 -0.927094
-0.321073 -0.947054
-0.266431 -0.963854
-0.220205 -0.975454
-0.169877 -0.985465
-0.123783 -0.992309
-0.079167 -0.996861
-0.035327 -0.999376
0.008110 -0.999967
0.051419 -0.998677
0.094908 -0.995486
0.139127 -0.990275
0.186362 -0.982481
0.228981 -0.973431
0.276695 -0.960958
0.320851 -0.947130
0.368509 -0.929624
0.418090 -0.908406
0.471968 -0.881616
0.528477 -0.848948
0.597709 -0.801713
0.668840 -0.743407
0.743691 -0.668524
0.821034 -0.570880
0.890746 -0.454502
0.947264 -0.320454
0.987936 -0.154863
0.999818 0.019064
0.985064 0.172188
0.942854 0.333206
0.888429 0.459014
0.815338 0.578985
0.740299 0.672278
0.665880 0.746059
0.594154 0.804351
0.525963 0.850508
0.458889 0.888494
0.403793 0.914850
0.345776 0.938317
0.297524 0.954714
0.245623 0.969365
0.201503 0.979488
0.153144 0.988204
0.108973 0.994045
0.068434 0.997656
0.022213 0.999753
-0.021873 0.999761
-0.066220 0.997805
-0.111663 0.993746
-0.151834 0.988406
-0.191939 0.981407
-0.235495 0.971876
-0.279518 0.960140
-0.332067 0.943256
-0.382942 0.923772
-0.444729 0.895665
-0.507675 0.861549
-0.574647 0.818401
-0.645646 0.763637
-0.719631 0.694357
-0.794266 0.607570
-0.865682 0.500594
-0.928492 0.371352
-0.976802 0.214145
