-1.399253 0.023338
-1.397721 -0.040738
-1.391148 0.080198
-1.386155 -0.100207
-1.371185 0.144174
-1.366596 -0.155102
-1.341861 0.203705
-1.333769 -0.217097
-1.309159 -0.007222
-1.302891 0.261389
-1.295457 0.102383
-1.292587 -0.274383
-1.286080 -0.064083
-1.276417 0.047018
-1.265224 -0.171105
-1.258773 0.158125
-1.254414 0.317167
-1.251442 -0.116453
-1.242331 -0.329314
-1.223755 0.212494
-1.217428 -0.224973
-1.206374 -0.009234
-1.196782 0.370631
-1.193955 0.100393
-1.183175 -0.381835
-1.181270 0.265747
-1.171590 -0.277369
-1.169835 -0.064510
-1.160297 -0.166930
-1.156487 0.045257
-1.149678 0.156841
-1.130581 0.317397
-1.130548 0.421301
-1.119230 -0.114776
-1.119130 -0.328124
-1.115462 -0.431641
-1.108017 0.211488
-1.104416 -0.221588
-1.096051 -0.009674
-1.086684 0.100405
-1.071942 0.366856
-1.060382 0.264239
-1.059560 -0.376791
-1.056294 0.468789
-1.051975 -0.274489
-1.048745 -0.062834
-1.045440 -0.166862
-1.039208 -0.478627
-1.039031 0.045326
-1.037766 0.156159
-1.006153 0.413689
-1.005463 0.314997
-0.994517 -0.325462
-0.993891 -0.423362
-0.992924 -0.114230
-0.990623 0.210128
-0.987181 -0.220419
-0.980950 -0.008569
-0.975502 0.100465
-0.974228 0.512972
-0.950775 -0.524302
-0.943240 0.363759
-0.938398 0.262200
-0.934389 0.457930
-0.931273 -0.375196
-0.930574 -0.272741
-0.927833 -0.061542
-0.927127 -0.166589
-0.926759 -0.471548
-0.923251 0.155297
-0.921730 0.045945
-0.880883 0.555173
-0.879817 0.312504
-0.874528 0.411061
-0.871635 0.208537
-0.870374 -0.324012
-0.869914 -0.113657
-0.867760 -0.219459
-0.867711 -0.560546
-0.866813 -0.427340
-0.863707 -0.007693
-0.861153 0.100431
-0.860769 0.503320
-0.827238 -0.492916
-0.815703 0.260142
-0.815321 0.361677
-0.808921 -0.376634
-0.808801 -0.271731
-0.807430 -0.166147
-0.807385 -0.060667
-0.806439 0.154353
-0.803997 0.046318
-0.803704 0.460448
-0.793371 0.588520
-0.772903 -0.595568
-0.758342 0.524911
-0.757774 -0.435342
-0.756046 -0.534544
-0.754829 0.310649
-0.751428 0.206965
-0.749026 -0.324484
-0.748505 0.412552
-0.748426 -0.113164
-0.747479 -0.218869
-0.745328 -0.007135
-0.744551 0.100156
-0.698200 -0.482962
-0.693333 -0.379799
-0.693102 0.258454
-0.692601 0.471838
-0.692318 0.620836
-0.691526 0.362022
-0.688214 -0.271797
-0.687917 0.153388
-0.687294 -0.165835
-0.687202 -0.060127
-0.685585 0.046436
-0.682248 0.567710
-0.671462 -0.573346
-0.665267 -0.628488
-0.634370 -0.430274
-0.632761 0.417672
-0.632422 0.310009
-0.630592 -0.325717
-0.630589 0.205684
-0.627699 -0.112873
-0.627540 0.521929
-0.627461 -0.218842
-0.626354 0.099770
-0.626269 -0.006849
-0.623043 -0.526916
-0.599397 0.645509
-0.573317 0.363400
-0.571928 0.583654
-0.571484 0.257595
-0.571369 -0.377467
-0.571217 0.469799
-0.568825 -0.272258
-0.568314 0.152605
-0.568214 -0.477906
-0.567309 -0.165806
-0.567171 -0.059861
-0.566533 0.046396
-0.565051 -0.653523
-0.563175 -0.586122
-0.514012 0.526307
-0.513526 0.415163
-0.512392 0.310089
-0.509797 0.204974
-0.509406 -0.324653
-0.508368 -0.427557
-0.507842 -0.219023
-0.507477 -0.112804
-0.507152 0.099425
-0.506814 -0.006752
-0.505637 -0.532179
-0.500092 0.667160
-0.479202 -0.622406
-0.476229 0.620293
-0.456336 0.467962
-0.452786 0.361747
-0.450802 0.257337
-0.448275 0.152165
-0.448234 -0.271781
-0.447906 -0.376149
-0.447533 -0.165888
-0.447278 -0.059791
-0.447043 0.046303
-0.446877 -0.676920
-0.446317 -0.480272
-0.442223 0.572788
-0.431346 -0.576526
-0.402816 0.684081
-0.394823 0.515528
-0.394241 0.413472
-0.391123 0.309177
-0.389248 0.204718
-0.387678 -0.218824
-0.387549 -0.112826
-0.387526 -0.324077
-0.387477 0.099221
-0.387176 -0.006757
-0.386178 -0.428716
-0.377171 -0.529079
-0.366478 -0.634232
-0.361634 0.631555
-0.334011 0.565667
-0.333606 0.462517
-0.331617 -0.693958
-0.331505 0.360818
-0.329548 0.256892
-0.328149 0.151991
-0.327569 -0.165814
-0.327479 -0.059794
-0.327378 -0.271561
-0.327357 0.046227
-0.326324 -0.376845
-0.320973 -0.479917
-0.313515 -0.585319
-0.300402 0.697649
-0.273377 0.511856
-0.270599 0.410997
-0.269372 0.308839
-0.268466 0.204488
-0.267652 -0.112794
-0.267649 0.099126
-0.267477 -0.006777
-0.267444 -0.218757
-0.266697 -0.324539
-0.263658 0.604585
-0.263369 -0.429310
-0.258133 -0.535447
-0.257004 -0.646113
-0.236506 0.655232
-0.214754 -0.705832
-0.209424 0.460835
-0.208205 0.256789
-0.208061 0.360011
-0.207888 0.151852
-0.207699 -0.059775
-0.207639 -0.165802
-0.207607 0.046196
-0.207160 -0.271856
-0.205581 0.555691
-0.205147 -0.377593
-0.201757 -0.484326
-0.200111 -0.594361
-0.180085 0.708352
-0.148792 0.608109
-0.147851 -0.112795
-0.147759 -0.006766
-0.147754 0.204412
-0.147707 0.099071
-0.147599 -0.218932
-0.146922 0.308702
-0.146497 -0.325119
-0.145939 0.410841
-0.145766 -0.654146
-0.144375 -0.432156
-0.144121 0.507597
-0.143026 -0.541685
-0.114195 0.660382
-0.096509 -0.712587
-0.087995 -0.059771
-0.087953 -0.165911
-0.087819 0.046204
-0.087631 0.151835
-0.087466 -0.272218
-0.086993 -0.599815
-0.086860 0.256742
-0.086308 -0.379243
-0.085534 -0.488185
-0.084565 0.360470
-0.083610 0.558322
-0.081117 0.460097
-0.059814 0.713634
-0.033251 -0.657774
-0.031852 0.610705
-0.028636 -0.544719
-0.028236 -0.112861
-0.028091 -0.219164
-0.028085 -0.006741
-0.027762 0.099114
-0.027643 -0.325971
-0.027365 -0.434180
-0.027082 0.204464
-0.025051 0.308992
-0.020136 0.411734
-0.018257 0.511224
0.002871 0.662788
0.022194 -0.714196
0.026302 -0.601065
0.030073 -0.489295
0.031437 -0.380106
0.031506 -0.166078
0.031548 -0.272694
0.031558 -0.059777
0.031914 0.046268
0.032567 0.151958
0.034138 0.257066
0.038148 0.361109
0.039640 0.563679
0.044232 0.464561
0.060732 0.713613
0.079384 -0.656829
0.085851 -0.544053
0.089357 0.616003
0.089515 -0.434151
0.090816 -0.326424
0.091055 -0.219501
0.091158 -0.112928
0.091471 -0.006686
0.092082 0.099251
0.093300 0.204819
0.096309 0.309724
0.101614 0.414234
0.106503 0.519716
0.120793 0.665750
0.139727 -0.598112
0.140200 -0.710695
0.146244 -0.487632
0.149662 -0.380028
0.150410 -0.273122
0.150659 -0.166230
0.150932 -0.059758
0.151520 0.046403
0.152487 0.152259
0.154608 0.257840
0.158887 0.363094
0.163757 0.468949
0.164884 0.577914
0.186077 0.707948
0.190963 -0.651464
0.201183 -0.540184
0.207903 -0.433109
0.209763 -0.326811
0.209896 -0.219688
0.210333 -0.112960
0.210864 -0.006575
0.211709 0.099511
0.213107 0.205419
0.216100 0.640268
0.216290 0.311486
0.220954 0.417543
0.222623 0.525388
0.253657 -0.591593
0.256496 -0.702195
0.264997 -0.485282
0.269053 -0.273267
0.269334 -0.380416
0.269637 -0.166281
0.270108 -0.059667
0.270933 0.046603
0.272006 0.152731
0.273795 0.259059
0.276063 0.582956
0.277984 0.366120
0.281358 0.472892
0.293403 0.698423
0.300914 -0.642222
0.320180 -0.536164
0.324906 0.637821
0.328496 -0.326886
0.328593 -0.219728
0.329135 -0.433872
0.329322 -0.112856
0.330098 -0.006402
0.331017 0.099825
0.332084 0.206287
0.334395 0.313459
0.338567 0.528068
0.339432 0.421825
0.370695 -0.688792
0.371752 -0.585371
0.387578 -0.273363
0.388473 -0.166086
0.388497 -0.380415
0.388690 -0.487382
0.389147 -0.059489
0.390165 0.046837
0.390949 0.153205
0.391790 0.260444
0.392091 0.580293
0.394863 0.368668
0.400686 0.478312
0.405808 0.683620
0.413648 -0.632963
0.437686 0.628565
0.446925 -0.219410
0.447249 -0.327215
0.447353 -0.541746
0.448275 -0.112594
0.448768 -0.433685
0.449229 -0.006182
0.450047 0.100094
0.450115 0.206898
0.451283 0.315355
0.455421 0.424354
0.462230 0.534995
0.486730 -0.669728
0.501701 -0.598948
0.505333 -0.272971
0.507397 -0.165674
0.507623 -0.486576
0.508139 -0.059147
0.508171 -0.381268
0.508463 0.261073
0.509328 0.047006
0.509568 0.153389
0.511059 0.370974
0.516541 0.479670
0.521908 0.593111
0.522289 0.662718
0.562641 -0.538922
0.564659 -0.326722
0.565082 -0.218905
0.566492 0.315706
0.567241 -0.112058
0.567645 0.206856
0.568487 -0.005796
0.569032 0.099939
0.570197 -0.435568
0.572178 0.427120
0.576752 0.533630
0.584894 -0.648962
0.611195 -0.587451
0.621254 0.640107
0.622790 -0.272625
0.624568 0.260722
0.624873 0.370482
0.625561 -0.380296
0.626427 -0.164886
0.627139 -0.058363
0.628140 0.152558
0.629031 0.047053
0.630873 0.583170
0.631005 -0.490623
0.636160 0.483825
0.681552 0.314969
0.682354 -0.326793
0.682561 -0.218030
0.684311 0.424822
0.684530 0.205022
0.686114 -0.110755
0.686707 -0.622456
0.687302 -0.432773
0.688443 -0.005205
0.688842 0.099247
0.691523 -0.546727
0.704361 0.540956
0.728131 0.610078
0.738931 -0.272102
0.739164 0.257572
0.739754 0.369367
0.744195 -0.482651
0.745324 -0.162733
0.745568 -0.380937
0.745797 0.477219
0.746585 -0.057178
0.747927 0.150792
0.750114 0.046964
0.773026 -0.595527
0.793936 0.309776
0.796761 -0.526951
0.797798 -0.214827
0.798439 -0.327018
0.801047 0.423549
0.802247 0.202129
0.805773 -0.108929
0.808097 0.523668
0.809696 -0.004544
0.810300 0.098175
0.813314 -0.433847
0.817920 0.579707
0.849271 0.360658
0.850829 -0.267531
0.855132 0.253791
0.857462 -0.564637
0.864243 -0.382420
0.866081 -0.159760
0.866735 -0.056042
0.869883 0.148640
0.870740 0.476351
0.873270 0.046729
0.877278 -0.483520
0.905269 0.408858
0.906910 -0.319546
0.910285 0.305193
0.912879 -0.210664
0.914033 0.541043
0.920801 0.199273
0.927147 -0.107577
0.932441 -0.003941
0.933675 0.096932
0.936167 -0.531100
0.942143 -0.436896
0.964524 -0.262694
0.965296 0.451395
0.966937 -0.368802
0.968002 0.355286
0.972202 0.251355
0.986660 -0.055489
0.991065 -0.157422
0.993951 0.503027
0.994339 0.146102
0.999101 0.046696
1.011831 -0.493660
1.022670 -0.313951
1.027243 -0.207664
1.029737 0.303718
1.029818 0.402422
1.033974 -0.408309
1.037599 0.196725
1.050171 -0.107709
1.055824 -0.002499
1.059373 0.095022
1.077723 0.455916
1.080339 -0.262363
1.080935 -0.453933
1.087547 0.250703
1.091969 -0.357064
1.092483 0.354569
1.102550 -0.053680
1.120909 0.143180
1.122234 -0.157737
1.130268 0.045725
1.134365 -0.210808
1.148192 0.195574
1.149170 0.304663
1.149297 -0.306882
1.149937 0.407412
1.153375 -0.404874
1.169786 -0.106090
1.180888 -0.000984
1.185660 0.090855
1.199734 0.252714
1.204663 -0.254387
1.212995 -0.053311
1.213615 0.356099
1.216016 -0.353960
1.237878 -0.194293
1.246156 0.144745
1.250470 0.198904
1.256014 -0.141672
1.268713 0.302000
1.270933 -0.299559
1.271606 0.037358
1.295376 0.091717
1.295553 -0.086085
1.303270 -0.019528
1.314997 0.245102
1.318200 -0.240581
1.352989 0.183546
1.354082 -0.181436
1.377377 0.127891
1.379196 -0.122681
1.394351 0.064100
1.395440 -0.057607
1.399933 0.007001
