-1.432568 0.022795
-1.431000 -0.039790
-1.424270 0.078333
-1.419158 -0.097876
-1.403832 0.140821
-1.399134 -0.151495
-1.373810 0.198968
-1.365526 -0.212049
-1.340330 -0.007054
-1.333912 0.255311
-1.326302 0.100002
-1.323363 -0.268002
-1.316701 -0.062592
-1.306808 0.045924
-1.295349 -0.167125
-1.288743 0.154447
-1.284281 0.309791
-1.281238 -0.113745
-1.271910 -0.321656
-1.252892 0.207553
-1.246414 -0.219741
-1.235097 -0.009020
-1.225277 0.362012
-1.222382 0.098058
-1.211345 -0.372955
-1.209396 0.259567
-1.199485 -0.270918
-1.197688 -0.063009
-1.187923 -0.163048
-1.184022 0.044204
-1.177051 0.153193
-1.157500 0.310016
-1.157465 0.411503
-1.145878 -0.112107
-1.145776 -0.320493
-1.142021 -0.421603
-1.134398 0.206569
-1.130712 -0.216434
-1.122148 -0.009449
-1.112557 0.098070
-1.097464 0.358324
-1.085629 0.258094
-1.084787 -0.368028
-1.081444 0.457887
-1.077022 -0.268106
-1.073715 -0.061372
-1.070331 -0.162981
-1.063951 -0.467496
-1.063770 0.044272
-1.062474 0.152527
-1.030109 0.404068
-1.029402 0.307671
-1.018196 -0.317893
-1.017555 -0.413517
-1.016565 -0.111574
-1.014209 0.205241
-1.010685 -0.215293
-1.004306 -0.008369
-0.998728 0.098129
-0.997423 0.501043
-0.973412 -0.512109
-0.965698 0.355300
-0.960741 0.256102
-0.956636 0.447280
-0.953446 -0.366471
-0.952730 -0.266399
-0.949924 -0.060111
-0.949202 -0.162715
-0.948824 -0.460582
-0.945233 0.151685
-0.943676 0.044877
-0.901857 0.542262
-0.900765 0.305237
-0.895350 0.401502
-0.892388 0.203687
-0.891098 -0.316476
-0.890626 -0.111014
-0.888421 -0.214355
-0.888371 -0.547510
-0.887452 -0.417402
-0.884271 -0.007514
-0.881657 0.098096
-0.881263 0.491615
-0.846935 -0.481453
-0.835124 0.254092
-0.834733 0.353266
-0.828181 -0.367875
-0.828058 -0.265412
-0.826655 -0.162283
-0.826608 -0.059256
-0.825640 0.150763
-0.823139 0.045241
-0.822840 0.449740
-0.812261 0.574834
-0.791305 -0.581718
-0.776398 0.512703
-0.775817 -0.425218
-0.774048 -0.522113
-0.772801 0.303425
-0.769320 0.202151
-0.766860 -0.316937
-0.766327 0.402958
-0.766245 -0.110533
-0.765276 -0.213779
-0.763074 -0.006969
-0.762279 0.097827
-0.714823 -0.471730
-0.709841 -0.370966
-0.709604 0.252443
-0.709092 0.460865
-0.708802 0.606398
-0.707990 0.353603
-0.704600 -0.265476
-0.704296 0.149820
-0.703658 -0.161979
-0.703564 -0.058729
-0.701908 0.045356
-0.698492 0.554507
-0.687449 -0.560013
-0.681106 -0.613872
-0.649474 -0.420268
-0.647827 0.407959
-0.647480 0.302800
-0.645606 -0.318143
-0.645603 0.200901
-0.642644 -0.110248
-0.642481 0.509791
-0.642400 -0.213753
-0.641267 0.097450
-0.641180 -0.006689
-0.637878 -0.514662
-0.613668 0.630497
-0.586967 0.354948
-0.585545 0.570081
-0.585091 0.251604
-0.584973 -0.368689
-0.584817 0.458874
-0.582369 -0.265927
-0.581846 0.149056
-0.581743 -0.466792
-0.580816 -0.161950
-0.580675 -0.058469
-0.580022 0.045317
-0.578504 -0.638325
-0.576584 -0.572491
-0.526250 0.514067
-0.525753 0.405508
-0.524592 0.302877
-0.521935 0.200207
-0.521535 -0.317103
-0.520472 -0.417614
-0.519933 -0.213930
-0.519559 -0.110180
-0.519227 0.097113
-0.518881 -0.006595
-0.517676 -0.519803
-0.511999 0.651645
-0.490612 -0.607931
-0.487568 0.605867
-0.467201 0.457079
-0.463566 0.353334
-0.461535 0.251352
-0.458948 0.148626
-0.458907 -0.265460
-0.458571 -0.367401
-0.458188 -0.162030
-0.457927 -0.058400
-0.457686 0.045226
-0.457517 -0.661178
-0.456944 -0.469103
-0.452752 0.559467
-0.441616 -0.563118
-0.412407 0.668172
-0.404224 0.503539
-0.403627 0.403856
-0.400436 0.301987
-0.398515 0.199957
-0.396909 -0.213735
-0.396777 -0.110202
-0.396753 -0.316541
-0.396703 0.096913
-0.396394 -0.006600
-0.395372 -0.418746
-0.386152 -0.516775
-0.375204 -0.619482
-0.370244 0.616867
-0.341964 0.552512
-0.341549 0.451761
-0.339512 -0.677820
-0.339398 0.352427
-0.337395 0.250918
-0.335962 0.148456
-0.335368 -0.161958
-0.335276 -0.058403
-0.335173 -0.265245
-0.335151 0.045152
-0.334094 -0.368081
-0.328616 -0.468756
-0.320980 -0.571707
-0.307555 0.681424
-0.279886 0.499952
-0.277042 0.401439
-0.275785 0.301657
-0.274858 0.199733
-0.274025 -0.110171
-0.274022 0.096820
-0.273845 -0.006619
-0.273812 -0.213670
-0.273047 -0.316991
-0.269935 0.590525
-0.269639 -0.419326
-0.264279 -0.522995
-0.263123 -0.631087
-0.242137 0.639994
-0.219867 -0.689417
-0.214411 0.450118
-0.213163 0.250818
-0.213015 0.351638
-0.212838 0.148320
-0.212644 -0.058385
-0.212582 -0.161946
-0.212550 0.045121
-0.212092 -0.265533
-0.210476 0.542768
-0.210031 -0.368812
-0.206561 -0.473063
-0.204876 -0.580538
-0.184372 0.691878
-0.152335 0.593966
-0.151371 -0.110171
-0.151277 -0.006609
-0.151272 0.199658
-0.151224 0.096767
-0.151114 -0.213840
-0.150420 0.301523
-0.149985 -0.317558
-0.149414 0.401287
-0.149237 -0.638933
-0.147812 -0.422106
-0.147552 0.495792
-0.146431 -0.529087
-0.116914 0.645024
-0.098807 -0.696015
-0.090090 -0.058381
-0.090047 -0.162052
-0.089910 0.045129
-0.089717 0.148304
-0.089549 -0.265887
-0.089064 -0.585866
-0.088928 0.250772
-0.088363 -0.370423
-0.087570 -0.476831
-0.086578 0.352087
-0.085601 0.545337
-0.083049 0.449397
-0.061238 0.697037
-0.034043 -0.642477
-0.032610 0.596503
-0.029318 -0.532051
-0.028909 -0.110237
-0.028760 -0.214067
-0.028754 -0.006585
-0.028423 0.096809
-0.028301 -0.318390
-0.028016 -0.424083
-0.027727 0.199709
-0.025648 0.301806
-0.020615 0.402158
-0.018692 0.499335
0.002939 0.647374
0.022723 -0.697587
0.026928 -0.587086
0.030789 -0.477916
0.032185 -0.371266
0.032256 -0.162215
0.032299 -0.266353
0.032309 -0.058387
0.032673 0.045192
0.033342 0.148424
0.034951 0.251088
0.039056 0.352711
0.040584 0.550570
0.045285 0.453758
0.062178 0.697018
0.081274 -0.641554
0.087895 -0.531401
0.091484 0.601677
0.091646 -0.424055
0.092979 -0.318833
0.093223 -0.214397
0.093329 -0.110302
0.093649 -0.006530
0.094274 0.096943
0.095522 0.200055
0.098602 0.302521
0.104034 0.404601
0.109039 0.507630
0.123669 0.650267
0.143054 -0.584203
0.143538 -0.694167
0.149726 -0.476292
0.153225 -0.371190
0.153992 -0.266771
0.154246 -0.162364
0.154526 -0.058368
0.155128 0.045324
0.156117 0.148718
0.158289 0.251844
0.162670 0.354649
0.167656 0.458043
0.168810 0.564474
0.190507 0.691485
0.195509 -0.636313
0.205973 -0.527622
0.212853 -0.423036
0.214757 -0.319211
0.214893 -0.214579
0.215341 -0.110333
0.215885 -0.006422
0.216750 0.097197
0.218181 0.200642
0.221245 0.625378
0.221440 0.304242
0.226215 0.407833
0.227923 0.513170
0.259697 -0.577835
0.262604 -0.685865
0.271306 -0.473996
0.275459 -0.266912
0.275747 -0.371569
0.276057 -0.162414
0.276539 -0.058280
0.277383 0.045519
0.278482 0.149179
0.280314 0.253034
0.282636 0.569399
0.284602 0.357606
0.288057 0.461895
0.300389 0.682181
0.308079 -0.627287
0.327804 -0.523695
0.332642 0.622988
0.336317 -0.319284
0.336416 -0.214618
0.336972 -0.423782
0.337163 -0.110231
0.337957 -0.006253
0.338898 0.097503
0.339990 0.201489
0.342357 0.306170
0.346628 0.515787
0.347514 0.412015
0.379521 -0.672773
0.380603 -0.571757
0.396806 -0.267006
0.397723 -0.162223
0.397747 -0.371569
0.397944 -0.476048
0.398413 -0.058105
0.399455 0.045748
0.400257 0.149643
0.401119 0.254387
0.401427 0.566798
0.404264 0.360095
0.410226 0.467188
0.415470 0.667722
0.423497 -0.618243
0.448107 0.613947
0.457566 -0.214307
0.457898 -0.319605
0.458004 -0.529148
0.458949 -0.109976
0.459453 -0.423600
0.459925 -0.006038
0.460762 0.097766
0.460832 0.202086
0.462028 0.308021
0.466264 0.414485
0.473236 0.522553
0.498319 -0.654153
0.513647 -0.585019
0.517365 -0.266623
0.519478 -0.161821
0.519710 -0.475260
0.520237 -0.057771
0.520270 -0.372402
0.520569 0.255001
0.521455 0.045913
0.521701 0.149822
0.523227 0.362347
0.528839 0.468515
0.534335 0.579318
0.534724 0.647306
0.576037 -0.526389
0.578103 -0.319124
0.578537 -0.213814
0.579980 0.308364
0.580746 -0.109452
0.581160 0.202045
0.582022 -0.005661
0.582581 0.097614
0.583773 -0.425438
0.585801 0.417187
0.590484 0.521220
0.598820 -0.633870
0.625748 -0.573790
0.636045 0.625220
0.637618 -0.266285
0.639439 0.254658
0.639751 0.361866
0.640455 -0.371452
0.641342 -0.161052
0.642071 -0.057006
0.643095 0.149010
0.644008 0.045959
0.645893 0.569607
0.646029 -0.479213
0.651306 0.472573
0.697779 0.307644
0.698601 -0.319193
0.698813 -0.212960
0.700604 0.414942
0.700828 0.200254
0.702450 -0.108180
0.703057 -0.607980
0.703666 -0.422708
0.704834 -0.005084
0.705243 0.096939
0.707988 -0.534013
0.721132 0.528376
0.745467 0.595890
0.756525 -0.265774
0.756763 0.251582
0.757367 0.360777
0.761914 -0.471426
0.763070 -0.158948
0.763320 -0.372078
0.763554 0.466121
0.764361 -0.055848
0.765735 0.147286
0.767974 0.045872
0.791431 -0.581677
0.812840 0.302571
0.815731 -0.514697
0.816794 -0.209831
0.817449 -0.319412
0.820119 0.413699
0.821348 0.197429
0.824958 -0.106395
0.827337 0.511490
0.828974 -0.004438
0.829593 0.095892
0.832678 -0.423757
0.837394 0.566225
0.869492 0.352271
0.871087 -0.261310
0.875492 0.247889
0.877878 -0.551506
0.884820 -0.373527
0.886702 -0.156044
0.887371 -0.054738
0.890594 0.145183
0.891472 0.465273
0.894062 0.045643
0.898165 -0.472275
0.926823 0.399350
0.928503 -0.312115
0.931958 0.298095
0.934614 -0.205764
0.935796 0.528461
0.942724 0.194638
0.949221 -0.105075
0.954642 -0.003849
0.955906 0.094677
0.958457 -0.518749
0.964575 -0.426736
0.987489 -0.256585
0.988280 0.440897
0.989959 -0.360225
0.991050 0.347023
0.995350 0.245509
1.010152 -0.054198
1.014662 -0.153761
1.017616 0.491328
1.018013 0.142704
1.022889 0.045610
1.035922 -0.482179
1.047020 -0.306650
1.051701 -0.202835
1.054255 0.296655
1.054337 0.393063
1.058593 -0.398813
1.062304 0.192150
1.075175 -0.105204
1.080963 -0.002441
1.084596 0.092812
1.103383 0.445314
1.106062 -0.256262
1.106671 -0.443376
1.113441 0.244873
1.117968 -0.348760
1.118494 0.346323
1.128801 -0.052432
1.147597 0.139850
1.148953 -0.154069
1.157180 0.044662
1.161374 -0.205905
1.175530 0.191026
1.176531 0.297578
1.176661 -0.299745
1.177316 0.397937
1.180836 -0.395458
1.197638 -0.103623
1.209004 -0.000962
1.213890 0.088742
1.228299 0.246837
1.233346 -0.248471
1.241876 -0.052071
1.242510 0.347818
1.244969 -0.345728
1.267351 -0.189774
1.275826 0.141379
1.280243 0.194279
1.285919 -0.138377
1.298920 0.294976
1.301194 -0.292593
1.301882 0.036489
1.326219 0.089584
1.326400 -0.084083
1.334300 -0.019074
1.346306 0.239402
1.349586 -0.234986
1.385203 0.179277
1.386322 -0.177216
1.410171 0.124917
1.412034 -0.119828
1.427550 0.062610
1.428664 -0.056267
1.433264 0.006838
