-1.415910 0.023063
-1.414361 -0.040258
-1.407709 0.079254
-1.402657 -0.099028
-1.387508 0.142478
-1.382865 -0.153277
-1.357835 0.201308
-1.349648 -0.214543
-1.324745 -0.007137
-1.318402 0.258314
-1.310879 0.101179
-1.307975 -0.271154
-1.301390 -0.063329
-1.291613 0.046464
-1.280286 -0.169092
-1.273758 0.156265
-1.269348 0.313436
-1.266340 -0.115083
-1.257121 -0.325440
-1.238324 0.209994
-1.231921 -0.222326
-1.220735 -0.009126
-1.211030 0.366271
-1.208168 0.099212
-1.197260 -0.377343
-1.195333 0.262621
-1.185537 -0.274106
-1.183762 -0.063751
-1.174110 -0.164966
-1.170255 0.044724
-1.163364 0.154996
-1.144041 0.313663
-1.144007 0.416344
-1.132554 -0.113426
-1.132453 -0.324263
-1.128742 -0.426563
-1.121208 0.209000
-1.117564 -0.218981
-1.109099 -0.009560
-1.099621 0.099224
-1.084703 0.362540
-1.073005 0.261131
-1.072174 -0.372358
-1.068869 0.463274
-1.064498 -0.271260
-1.061230 -0.062094
-1.057886 -0.164899
-1.051579 -0.472996
-1.051400 0.044792
-1.050120 0.154322
-1.018131 0.408822
-1.017432 0.311291
-1.006356 -0.321633
-1.005723 -0.418382
-1.004744 -0.112886
-1.002416 0.207656
-0.998933 -0.217826
-0.992628 -0.008468
-0.987115 0.099283
-0.985825 0.506937
-0.962094 -0.518134
-0.954469 0.359480
-0.949570 0.259115
-0.945512 0.452542
-0.942360 -0.370782
-0.941652 -0.269533
-0.938879 -0.060818
-0.938164 -0.164630
-0.937792 -0.466001
-0.934242 0.153470
-0.932703 0.045405
-0.891370 0.548641
-0.890291 0.308828
-0.884939 0.406225
-0.882012 0.206084
-0.880736 -0.320200
-0.880270 -0.112320
-0.878091 -0.216877
-0.878041 -0.553952
-0.877132 -0.422312
-0.873989 -0.007602
-0.871405 0.099250
-0.871016 0.497399
-0.837086 -0.487117
-0.825413 0.257081
-0.825027 0.357422
-0.818551 -0.372203
-0.818429 -0.268534
-0.817043 -0.164192
-0.816996 -0.059954
-0.816040 0.152537
-0.813568 0.045773
-0.813272 0.455031
-0.802816 0.581597
-0.782104 -0.588562
-0.767370 0.518735
-0.766796 -0.430221
-0.765047 -0.528255
-0.763815 0.306995
-0.760374 0.204530
-0.757943 -0.320666
-0.757416 0.407699
-0.757336 -0.111833
-0.756378 -0.216295
-0.754201 -0.007051
-0.753415 0.098978
-0.706511 -0.477280
-0.701587 -0.375331
-0.701353 0.255413
-0.700847 0.466287
-0.700560 0.613532
-0.699758 0.357763
-0.696407 -0.268599
-0.696107 0.151583
-0.695476 -0.163884
-0.695383 -0.059419
-0.693747 0.045890
-0.690370 0.561031
-0.679455 -0.566601
-0.673186 -0.621094
-0.641922 -0.425212
-0.640294 0.412759
-0.639951 0.306362
-0.638099 -0.321886
-0.638096 0.203264
-0.635171 -0.111545
-0.635011 0.515788
-0.634930 -0.216267
-0.633811 0.098596
-0.633725 -0.006768
-0.630461 -0.520717
-0.606533 0.637914
-0.580142 0.359124
-0.578737 0.576788
-0.578287 0.254564
-0.578171 -0.373027
-0.578017 0.464272
-0.575597 -0.269055
-0.575080 0.150810
-0.574979 -0.472283
-0.574062 -0.163856
-0.573923 -0.059157
-0.573277 0.045851
-0.571777 -0.645834
-0.569880 -0.579226
-0.520131 0.520115
-0.519639 0.410279
-0.518492 0.306441
-0.515866 0.202562
-0.515470 -0.320834
-0.514420 -0.422527
-0.513887 -0.216447
-0.513518 -0.111476
-0.513189 0.098255
-0.512848 -0.006672
-0.511656 -0.525918
-0.506046 0.659311
-0.484907 -0.615084
-0.481899 0.612995
-0.461768 0.462457
-0.458176 0.357491
-0.456169 0.254309
-0.453611 0.150375
-0.453570 -0.268583
-0.453239 -0.371723
-0.452860 -0.163937
-0.452602 -0.059087
-0.452365 0.045758
-0.452197 -0.668956
-0.451630 -0.474622
-0.447487 0.566049
-0.436481 -0.569743
-0.407611 0.676033
-0.399523 0.509463
-0.398934 0.408607
-0.395779 0.305540
-0.393881 0.202309
-0.392294 -0.216250
-0.392163 -0.111499
-0.392139 -0.320265
-0.392090 0.098053
-0.391785 -0.006678
-0.390775 -0.423672
-0.381661 -0.522854
-0.370841 -0.626770
-0.365939 0.624125
-0.337988 0.559012
-0.337578 0.457076
-0.335565 -0.685794
-0.335451 0.356573
-0.333471 0.253870
-0.332055 0.150203
-0.331468 -0.163864
-0.331378 -0.059090
-0.331276 -0.268366
-0.331254 0.045683
-0.330209 -0.372411
-0.324794 -0.474271
-0.317247 -0.578433
-0.303978 0.689441
-0.276631 0.505834
-0.273821 0.406162
-0.272578 0.305206
-0.271662 0.202083
-0.270838 -0.111467
-0.270835 0.097959
-0.270661 -0.006697
-0.270628 -0.216183
-0.269872 -0.320721
-0.266796 0.597472
-0.266504 -0.424259
-0.261206 -0.529148
-0.260064 -0.638511
-0.239322 0.647523
-0.217311 -0.697528
-0.211918 0.455413
-0.210684 0.253768
-0.210538 0.355775
-0.210363 0.150065
-0.210171 -0.059072
-0.210111 -0.163851
-0.210079 0.045652
-0.209626 -0.268657
-0.208029 0.549153
-0.207589 -0.373151
-0.204159 -0.478628
-0.202494 -0.587368
-0.182228 0.700018
-0.150563 0.600954
-0.149611 -0.111468
-0.149518 -0.006686
-0.149513 0.202007
-0.149465 0.097906
-0.149356 -0.216356
-0.148671 0.305070
-0.148241 -0.321294
-0.147676 0.406008
-0.147501 -0.646450
-0.146094 -0.427072
-0.145837 0.501625
-0.144729 -0.535312
-0.115555 0.652613
-0.097658 -0.704203
-0.089043 -0.059067
-0.089000 -0.163959
-0.088865 0.045660
-0.088674 0.150049
-0.088507 -0.269015
-0.088029 -0.592758
-0.087894 0.253722
-0.087336 -0.374781
-0.086552 -0.482441
-0.085572 0.356229
-0.084606 0.551753
-0.082083 0.454684
-0.060526 0.705238
-0.033647 -0.650035
-0.032231 0.603520
-0.028977 -0.538310
-0.028573 -0.111534
-0.028425 -0.216586
-0.028420 -0.006662
-0.028093 0.097948
-0.027972 -0.322136
-0.027691 -0.429072
-0.027404 0.202058
-0.025350 0.305357
-0.020376 0.406890
-0.018475 0.505210
0.002905 0.654990
0.022459 -0.705794
0.026615 -0.593993
0.030431 -0.483538
0.031811 -0.375634
0.031881 -0.164124
0.031923 -0.269486
0.031934 -0.059074
0.032293 0.045724
0.032955 0.150170
0.034545 0.254042
0.038602 0.356861
0.040112 0.557048
0.044758 0.459096
0.061455 0.705218
0.080329 -0.649101
0.086873 -0.537653
0.090421 0.608756
0.090581 -0.429044
0.091897 -0.322584
0.092139 -0.216919
0.092244 -0.111599
0.092560 -0.006607
0.093178 0.098084
0.094411 0.202409
0.097456 0.306080
0.102824 0.409361
0.107771 0.513602
0.122231 0.657917
0.141390 -0.591076
0.141869 -0.702334
0.147985 -0.481895
0.151443 -0.375557
0.152201 -0.269909
0.152453 -0.164274
0.152729 -0.059055
0.153324 0.045857
0.154302 0.150468
0.156449 0.254807
0.160779 0.358822
0.165707 0.463432
0.166847 0.571115
0.188292 0.699620
0.193236 -0.643799
0.203578 -0.533829
0.210378 -0.428013
0.212260 -0.322966
0.212395 -0.217104
0.212837 -0.111631
0.213374 -0.006498
0.214230 0.098341
0.215644 0.203003
0.218673 0.632736
0.218865 0.307821
0.223584 0.412631
0.225273 0.519207
0.256677 -0.584633
0.259550 -0.693934
0.268152 -0.479573
0.272256 -0.270052
0.272540 -0.375941
0.272847 -0.164325
0.273323 -0.058965
0.274158 0.046055
0.275244 0.150934
0.277054 0.256011
0.279350 0.576098
0.281293 0.361813
0.284708 0.467329
0.296896 0.690207
0.304497 -0.634667
0.323992 -0.529856
0.328774 0.630318
0.332406 -0.323040
0.332504 -0.217143
0.333054 -0.428767
0.333243 -0.111528
0.334028 -0.006327
0.334958 0.098650
0.336037 0.203860
0.338376 0.309772
0.342597 0.521855
0.343473 0.416862
0.375108 -0.680688
0.376177 -0.578484
0.392192 -0.270147
0.393098 -0.164132
0.393122 -0.375940
0.393317 -0.481649
0.393780 -0.058789
0.394810 0.046286
0.395603 0.151403
0.396455 0.257380
0.396759 0.573466
0.399563 0.364331
0.405456 0.472684
0.410639 0.675577
0.418572 -0.625516
0.442896 0.621170
0.452246 -0.216829
0.452573 -0.323366
0.452678 -0.535373
0.453612 -0.111269
0.454111 -0.428583
0.454577 -0.006109
0.455405 0.098917
0.455474 0.204464
0.456656 0.311645
0.460843 0.419361
0.467733 0.528701
0.492525 -0.661849
0.507674 -0.591901
0.511349 -0.269759
0.513437 -0.163725
0.513667 -0.480851
0.514188 -0.058451
0.514221 -0.376783
0.514516 0.258001
0.515391 0.046453
0.515634 0.151584
0.517143 0.366610
0.522690 0.474027
0.528122 0.586133
0.528506 0.654922
0.569339 -0.532582
0.571381 -0.322879
0.571810 -0.216330
0.573236 0.311992
0.573993 -0.110740
0.574402 0.204422
0.575254 -0.005728
0.575807 0.098763
0.576985 -0.430443
0.578989 0.422095
0.583618 0.527352
0.591857 -0.641328
0.618471 -0.580540
0.628649 0.632576
0.630204 -0.269417
0.632003 0.257654
0.632312 0.366124
0.633008 -0.375822
0.633885 -0.162947
0.634605 -0.057677
0.635617 0.150763
0.636520 0.046499
0.638383 0.576309
0.638517 -0.484851
0.643733 0.478132
0.689665 0.311263
0.690477 -0.322948
0.690687 -0.215465
0.692458 0.419824
0.692679 0.202610
0.694282 -0.109452
0.694882 -0.615133
0.695484 -0.427682
0.696638 -0.005144
0.697043 0.098079
0.699755 -0.540295
0.712746 0.534592
0.736799 0.602901
0.747728 -0.268901
0.747964 0.254542
0.748560 0.365022
0.753054 -0.476972
0.754197 -0.160818
0.754444 -0.376456
0.754676 0.471605
0.755473 -0.056505
0.756831 0.149018
0.759044 0.046411
0.782228 -0.588520
0.803388 0.306131
0.806246 -0.520752
0.807296 -0.212300
0.807944 -0.323170
0.810583 0.418566
0.811797 0.199751
0.815365 -0.107647
0.817717 0.517507
0.819335 -0.004490
0.819947 0.097020
0.822996 -0.428743
0.827657 0.572886
0.859381 0.356415
0.860958 -0.264384
0.865312 0.250805
0.867670 -0.557994
0.874531 -0.377921
0.876391 -0.157880
0.877053 -0.055382
0.880238 0.146891
0.881106 0.470747
0.883666 0.046179
0.887721 -0.477831
0.916046 0.404048
0.917707 -0.315787
0.921121 0.301602
0.923747 -0.208185
0.924915 0.534678
0.931763 0.196928
0.938184 -0.106311
0.943542 -0.003894
0.944790 0.095791
0.947312 -0.524852
0.953359 -0.431756
0.976007 -0.259604
0.976788 0.446084
0.978448 -0.364463
0.979526 0.351106
0.983776 0.248398
0.998406 -0.054836
1.002864 -0.155570
1.005783 0.497109
1.006176 0.144383
1.010995 0.046146
1.023877 -0.487852
1.034845 -0.310257
1.039472 -0.205221
1.041996 0.300145
1.042078 0.397687
1.046284 -0.403505
1.049951 0.194411
1.062673 -0.106442
1.068393 -0.002469
1.071985 0.093904
1.090553 0.450553
1.093201 -0.259277
1.093803 -0.448592
1.100494 0.247754
1.104969 -0.352863
1.105489 0.350397
1.115676 -0.053049
1.134253 0.141496
1.135593 -0.155881
1.143724 0.045187
1.147869 -0.208328
1.161861 0.193273
1.162851 0.301079
1.162979 -0.303271
1.163627 0.402619
1.167106 -0.400111
1.183712 -0.104842
1.194946 -0.000973
1.199775 0.089786
1.214016 0.249741
1.219005 -0.251394
1.227436 -0.052684
1.228062 0.351910
1.230493 -0.349795
1.252614 -0.192007
1.260991 0.143042
1.265356 0.196564
1.270966 -0.140005
1.283816 0.298447
1.286063 -0.296035
1.286744 0.036918
1.310797 0.090638
1.310977 -0.085072
1.318785 -0.019298
1.330652 0.242218
1.333893 -0.237750
1.369096 0.181387
1.370202 -0.179301
1.393774 0.126387
1.395615 -0.121238
1.410951 0.063346
1.412052 -0.056929
1.416599 0.006919
