-1.149386 0.028411
-1.148128 -0.049594
-1.142728 0.097632
-1.138627 -0.121991
-1.126330 0.175516
-1.122561 -0.188819
-1.102243 0.247989
-1.095596 -0.264292
-1.075381 -0.008792
-1.070232 0.318213
-1.064126 0.124641
-1.061768 -0.334031
-1.056423 -0.078014
-1.048486 0.057239
-1.039291 -0.208301
-1.033992 0.192500
-1.030412 0.386116
-1.027970 -0.141769
-1.020486 -0.400905
-1.005227 0.258689
-1.000030 -0.273880
-0.990950 -0.011242
-0.983071 0.451204
-0.980749 0.122218
-0.971893 -0.464843
-0.970329 0.323519
-0.962377 -0.337666
-0.960936 -0.078533
-0.953101 -0.203219
-0.949971 0.055095
-0.944378 0.190937
-0.928692 0.386396
-0.928664 0.512888
-0.919367 -0.139728
-0.919285 -0.399455
-0.916273 -0.525476
-0.910157 0.257463
-0.907199 -0.269759
-0.900328 -0.011777
-0.892633 0.122232
-0.880524 0.446607
-0.871028 0.321683
-0.870353 -0.458702
-0.867670 0.570700
-0.864122 -0.334161
-0.861469 -0.076493
-0.858754 -0.203136
-0.853635 -0.582676
-0.853490 0.055179
-0.852450 0.190107
-0.826482 0.503621
-0.825916 0.383474
-0.816925 -0.396215
-0.816410 -0.515398
-0.815616 -0.139063
-0.813726 0.255808
-0.810898 -0.268336
-0.805780 -0.010431
-0.801305 0.122306
-0.800258 0.624488
-0.780994 -0.638281
-0.774804 0.442837
-0.770827 0.319199
-0.767534 0.557480
-0.764974 -0.456761
-0.764400 -0.332033
-0.762149 -0.074921
-0.761569 -0.202804
-0.761266 -0.574059
-0.758385 0.189057
-0.757135 0.055934
-0.723583 0.675862
-0.722706 0.380440
-0.718362 0.500422
-0.715986 0.253871
-0.714950 -0.394449
-0.714572 -0.138365
-0.712803 -0.267168
-0.712762 -0.682404
-0.712025 -0.520240
-0.709474 -0.009365
-0.707376 0.122264
-0.707060 0.612738
-0.679517 -0.600072
-0.670042 0.316694
-0.669728 0.440303
-0.664471 -0.458511
-0.664372 -0.330803
-0.663246 -0.202266
-0.663209 -0.073856
-0.662432 0.187908
-0.660426 0.056387
-0.660185 0.560545
-0.651698 0.716460
-0.634884 -0.725040
-0.622924 0.639022
-0.622458 -0.529982
-0.621038 -0.650749
-0.620038 0.378182
-0.617245 0.251957
-0.615271 -0.395023
-0.614844 0.502238
-0.614778 -0.137765
-0.614001 -0.266450
-0.612233 -0.008687
-0.611596 0.121929
-0.573521 -0.587953
-0.569524 -0.462364
-0.569334 0.314639
-0.568923 0.574411
-0.568690 0.755800
-0.568039 0.440722
-0.565319 -0.330883
-0.565075 0.186733
-0.564563 -0.201886
-0.564487 -0.073198
-0.563159 0.056531
-0.560418 0.691125
-0.551558 -0.697987
-0.546469 -0.765116
-0.521090 -0.523812
-0.519768 0.508471
-0.519490 0.377402
-0.517986 -0.396526
-0.517983 0.250398
-0.515610 -0.137410
-0.515479 0.635391
-0.515414 -0.266416
-0.514505 0.121459
-0.514435 -0.008337
-0.511786 -0.641463
-0.492362 0.785837
-0.470939 0.442399
-0.469798 0.710536
-0.469433 0.313594
-0.469339 -0.459526
-0.469214 0.571930
-0.467249 -0.331445
-0.466830 0.185780
-0.466747 -0.581798
-0.466003 -0.201851
-0.465891 -0.072874
-0.465366 0.056483
-0.464149 -0.795593
-0.462608 -0.713540
-0.422224 0.640721
-0.421825 0.505416
-0.420894 0.377499
-0.418762 0.249533
-0.418440 -0.395230
-0.417588 -0.520504
-0.417156 -0.266637
-0.416856 -0.137326
-0.416589 0.121039
-0.416312 -0.008220
-0.415345 -0.647870
-0.410790 0.812195
-0.393630 -0.757712
-0.391188 0.755139
-0.374847 0.569693
-0.371931 0.440387
-0.370302 0.313280
-0.368226 0.185244
-0.368192 -0.330863
-0.367923 -0.457920
-0.367616 -0.201951
-0.367407 -0.072789
-0.367214 0.056368
-0.367077 -0.824077
-0.366618 -0.584679
-0.363254 0.697307
-0.354320 -0.701858
-0.330885 0.832794
-0.324319 0.627599
-0.323840 0.503357
-0.321280 0.376390
-0.319739 0.249222
-0.318450 -0.266395
-0.318344 -0.137354
-0.318325 -0.394529
-0.318285 0.120790
-0.318037 -0.008226
-0.317217 -0.521915
-0.309819 -0.644096
-0.301036 -0.772109
-0.297057 0.768849
-0.274367 0.688638
-0.274034 0.563064
-0.272400 -0.844819
-0.272307 0.439256
-0.270700 0.312738
-0.269551 0.185032
-0.269074 -0.201861
-0.269001 -0.072792
-0.268918 -0.330596
-0.268900 0.056277
-0.268052 -0.458767
-0.263657 -0.584247
-0.257530 -0.712563
-0.246759 0.849311
-0.224559 0.623129
-0.222278 0.500345
-0.221270 0.375978
-0.220526 0.248942
-0.219857 -0.137314
-0.219855 0.120675
-0.219713 -0.008250
-0.219686 -0.266313
-0.219072 -0.395091
-0.216576 0.736017
-0.216338 -0.522638
-0.212038 -0.651849
-0.211110 -0.786572
-0.194273 0.797674
-0.176405 -0.859274
-0.172027 0.561016
-0.171026 0.312613
-0.170907 0.438274
-0.170765 0.184863
-0.170610 -0.072770
-0.170560 -0.201846
-0.170534 0.056238
-0.170167 -0.330955
-0.168870 0.676493
-0.168513 -0.459678
-0.165729 -0.589614
-0.164377 -0.723570
-0.147927 0.862341
-0.122222 0.740306
-0.121449 -0.137315
-0.121373 -0.008237
-0.121370 0.248849
-0.121331 0.120609
-0.121242 -0.266526
-0.120686 0.375811
-0.120336 -0.395797
-0.119878 0.500155
-0.119736 -0.796352
-0.118594 -0.526103
-0.118385 0.617944
-0.117486 -0.659442
-0.093803 0.803943
-0.079276 -0.867497
-0.072282 -0.072764
-0.072247 -0.201978
-0.072137 0.056248
-0.071983 0.184843
-0.071847 -0.331395
-0.071459 -0.730209
-0.071349 0.312556
-0.070896 -0.461687
-0.070260 -0.594312
-0.069464 0.438833
-0.068680 0.679696
-0.066632 0.560118
-0.049133 0.868771
-0.027313 -0.800768
-0.026164 0.743467
-0.023523 -0.663136
-0.023194 -0.137396
-0.023075 -0.266808
-0.023070 -0.008207
-0.022805 0.120661
-0.022706 -0.396834
-0.022478 -0.528567
-0.022246 0.248912
-0.020578 0.376164
-0.016540 0.501241
-0.014997 0.622360
0.002358 0.806872
0.018231 -0.869456
0.021605 -0.731731
0.024703 -0.595663
0.025823 -0.462737
0.025880 -0.202181
0.025914 -0.331976
0.025923 -0.072772
0.026215 0.056326
0.026751 0.184992
0.028042 0.312950
0.031336 0.439611
0.032561 0.686218
0.036333 0.565553
0.049887 0.868747
0.065208 -0.799618
0.070520 -0.662326
0.073400 0.749916
0.073530 -0.528532
0.074599 -0.397386
0.074795 -0.267219
0.074880 -0.137477
0.075137 -0.008139
0.075639 0.120828
0.076640 0.249344
0.079111 0.377055
0.083469 0.504285
0.087485 0.632698
0.099223 0.810478
0.114776 -0.728137
0.115164 -0.865194
0.120129 -0.593639
0.122936 -0.462642
0.123551 -0.332497
0.123756 -0.202367
0.123980 -0.072749
0.124463 0.056490
0.125257 0.185359
0.126999 0.313893
0.130514 0.442027
0.134515 0.570894
0.135441 0.703547
0.152849 0.861850
0.156862 -0.793086
0.165258 -0.657615
0.170777 -0.527263
0.172305 -0.397857
0.172415 -0.267447
0.172774 -0.137516
0.173210 -0.008004
0.173904 0.121144
0.175052 0.250076
0.177511 0.779457
0.177667 0.379200
0.181498 0.508313
0.182869 0.639603
0.208361 -0.720200
0.210694 -0.854846
0.217676 -0.590778
0.221007 -0.332673
0.221239 -0.463115
0.221488 -0.202429
0.221874 -0.072638
0.222552 0.056734
0.223433 0.185933
0.224903 0.315376
0.226766 0.709686
0.228344 0.445712
0.231116 0.575695
0.241010 0.850255
0.247180 -0.781836
0.263005 -0.652721
0.266887 0.776478
0.269836 -0.397948
0.269915 -0.267495
0.270361 -0.528192
0.270515 -0.137390
0.271152 -0.007794
0.271907 0.121526
0.272783 0.251132
0.274682 0.381603
0.278108 0.642865
0.278819 0.513526
0.304500 -0.838529
0.305367 -0.712625
0.318368 -0.332790
0.319103 -0.202191
0.319123 -0.463114
0.319281 -0.593335
0.319657 -0.072421
0.320493 0.057019
0.321136 0.186511
0.321828 0.317062
0.322075 0.706444
0.324351 0.448814
0.329135 0.582292
0.333343 0.832233
0.339782 -0.770563
0.359528 0.765210
0.367117 -0.267108
0.367383 -0.398349
0.367468 -0.659517
0.368226 -0.137071
0.368631 -0.527965
0.369010 -0.007526
0.369681 0.121854
0.369737 0.251876
0.370697 0.383911
0.374096 0.516604
0.379689 0.651298
0.399814 -0.815321
0.412112 -0.729154
0.415095 -0.332312
0.416790 -0.201690
0.416976 -0.592353
0.417400 -0.072005
0.417426 -0.464153
0.417666 0.317827
0.418376 0.057225
0.418574 0.186734
0.419798 0.451621
0.424301 0.583946
0.428711 0.722048
0.429023 0.806788
0.462169 -0.656079
0.463827 -0.397749
0.464175 -0.266493
0.465333 0.384337
0.465948 -0.136418
0.466279 0.251825
0.466971 -0.007056
0.467420 0.121664
0.468376 -0.530256
0.470003 0.519972
0.473761 0.649636
0.480449 -0.790041
0.502053 -0.715158
0.510315 0.779260
0.511578 -0.331891
0.513038 0.317400
0.513289 0.451022
0.513853 -0.462969
0.514565 -0.200731
0.515150 -0.071051
0.515972 0.185723
0.516704 0.057282
0.518217 0.709945
0.518325 -0.597280
0.522560 0.589004
0.559846 0.383440
0.560505 -0.397835
0.560676 -0.265428
0.562113 0.517174
0.562292 0.249592
0.563594 -0.134833
0.564081 -0.757772
0.564569 -0.526854
0.565506 -0.006337
0.565835 0.120823
0.568037 -0.665581
0.578582 0.658555
0.598107 0.742704
0.606979 -0.331255
0.607171 0.313566
0.607655 0.449665
0.611303 -0.587575
0.612230 -0.198109
0.612431 -0.463750
0.612619 0.580962
0.613267 -0.069608
0.614368 0.183573
0.616165 0.057174
0.634985 -0.724989
0.652162 0.377118
0.654482 -0.641506
0.655334 -0.261528
0.655860 -0.398108
0.658003 0.515625
0.658988 0.246070
0.661885 -0.132609
0.663794 0.637509
0.665107 -0.005532
0.665604 0.119518
0.668079 -0.528161
0.671863 0.705730
0.697615 0.439062
0.698895 -0.325690
0.702430 0.308962
0.704344 -0.687384
0.709914 -0.465555
0.711424 -0.194490
0.711961 -0.068225
0.714546 0.180953
0.715251 0.579905
0.717329 0.056888
0.720621 -0.588633
0.743614 0.497740
0.744962 -0.389013
0.747734 0.371539
0.749865 -0.256460
0.750813 0.658661
0.756372 0.242593
0.761585 -0.130963
0.765934 -0.004797
0.766947 0.118004
0.768994 -0.646557
0.773903 -0.531874
0.792288 -0.319802
0.792922 0.549524
0.794270 -0.448976
0.795145 0.432522
0.798595 0.305997
0.810471 -0.067552
0.814089 -0.191645
0.816459 0.612380
0.816778 0.177863
0.820690 0.056847
0.831147 -0.600977
0.840051 -0.382201
0.843807 -0.252809
0.845856 0.369744
0.845922 0.489905
0.849336 -0.497072
0.852314 0.239491
0.862641 -0.131124
0.867284 -0.003042
0.870199 0.115679
0.885272 0.555029
0.887422 -0.319399
0.887911 -0.552614
0.893342 0.305204
0.896975 -0.434686
0.897397 0.431649
0.905666 -0.065350
0.920747 0.174306
0.921835 -0.192027
0.928435 0.055665
0.931800 -0.256636
0.943157 0.238091
0.943961 0.370894
0.944065 -0.373595
0.944591 0.495979
0.947415 -0.492890
0.960896 -0.129153
0.970015 -0.001198
0.973935 0.110606
0.985495 0.307652
0.989545 -0.309689
0.996389 -0.064901
0.996898 0.433512
0.998871 -0.430907
1.016828 -0.236530
1.023628 0.176211
1.027172 0.242144
1.031726 -0.172470
1.042157 0.367652
1.043981 -0.364681
1.044534 0.045479
1.064059 0.111655
1.064205 -0.104799
1.070543 -0.023773
1.080176 0.298385
1.082807 -0.292881
1.111384 0.223447
1.112282 -0.220878
1.131416 0.155694
1.132911 -0.149351
1.145360 0.078035
1.146254 -0.070130
1.149945 0.008523
