-1.166044 0.028005
-1.164768 -0.048885
-1.159290 0.096237
-1.155129 -0.120248
-1.142654 0.173009
-1.138830 -0.186122
-1.118217 0.244446
-1.111474 -0.260517
-1.090966 -0.008666
-1.085743 0.313667
-1.079548 0.122860
-1.077156 -0.329259
-1.071733 -0.076899
-1.063681 0.056421
-1.054354 -0.205325
-1.048977 0.189750
-1.045345 0.380600
-1.042868 -0.139744
-1.035276 -0.395177
-1.019796 0.254993
-1.014523 -0.269968
-1.005311 -0.011081
-0.997319 0.444758
-0.994962 0.120472
-0.985979 -0.458202
-0.984392 0.318897
-0.976325 -0.332843
-0.974862 -0.077411
-0.966914 -0.200316
-0.963739 0.054308
-0.958065 0.188209
-0.942151 0.380876
-0.942123 0.505561
-0.932692 -0.137732
-0.932608 -0.393748
-0.929552 -0.517969
-0.923347 0.253785
-0.920347 -0.265905
-0.913376 -0.011609
-0.905570 0.120486
-0.893285 0.440227
-0.883651 0.317087
-0.882967 -0.452149
-0.880245 0.562547
-0.876645 -0.329387
-0.873954 -0.075400
-0.871200 -0.200234
-0.866006 -0.574352
-0.865859 0.054391
-0.864805 0.187391
-0.838461 0.496426
-0.837886 0.377996
-0.828764 -0.390555
-0.828243 -0.508035
-0.827436 -0.137076
-0.825519 0.252154
-0.822651 -0.264503
-0.817458 -0.010282
-0.812918 0.120559
-0.811856 0.615567
-0.792312 -0.629162
-0.786033 0.436511
-0.781999 0.314639
-0.778657 0.549516
-0.776061 -0.450236
-0.775478 -0.327290
-0.773194 -0.073850
-0.772606 -0.199907
-0.772299 -0.565858
-0.769376 0.186356
-0.768108 0.055135
-0.734069 0.666207
-0.733181 0.375005
-0.728773 0.493274
-0.726362 0.250244
-0.725312 -0.388814
-0.724928 -0.136388
-0.723134 -0.263351
-0.723092 -0.672656
-0.722344 -0.512808
-0.719756 -0.009231
-0.717628 0.120517
-0.717307 0.603984
-0.689365 -0.591499
-0.679752 0.312170
-0.679434 0.434013
-0.674101 -0.451961
-0.674001 -0.326077
-0.672859 -0.199376
-0.672820 -0.072801
-0.672033 0.185223
-0.669997 0.055582
-0.669753 0.552538
-0.661142 0.706225
-0.644086 -0.714682
-0.631952 0.629893
-0.631479 -0.522411
-0.630039 -0.641453
-0.629024 0.372779
-0.626190 0.248358
-0.624188 -0.389380
-0.623754 0.495063
-0.623688 -0.135797
-0.622899 -0.262643
-0.621106 -0.008563
-0.620459 0.120187
-0.581833 -0.579554
-0.577778 -0.455759
-0.577585 0.310144
-0.577168 0.566205
-0.576932 0.745003
-0.576271 0.434426
-0.573512 -0.326156
-0.573264 0.184065
-0.572745 -0.199002
-0.572668 -0.072152
-0.571321 0.055723
-0.568540 0.681252
-0.559551 -0.688015
-0.554389 -0.754185
-0.528642 -0.516329
-0.527301 0.501207
-0.527018 0.372011
-0.525493 -0.390861
-0.525490 0.246821
-0.523082 -0.135447
-0.522950 0.626314
-0.522884 -0.262610
-0.521962 0.119724
-0.521891 -0.008218
-0.519203 -0.632299
-0.499498 0.774610
-0.477764 0.436079
-0.476607 0.700385
-0.476236 0.309114
-0.476141 -0.452961
-0.476014 0.563759
-0.474021 -0.326710
-0.473595 0.183126
-0.473512 -0.573487
-0.472757 -0.198968
-0.472643 -0.071833
-0.472111 0.055676
-0.470875 -0.784228
-0.469313 -0.703346
-0.428343 0.631568
-0.427938 0.498196
-0.426994 0.372106
-0.424831 0.245969
-0.424505 -0.389584
-0.423640 -0.513068
-0.423201 -0.262828
-0.422897 -0.135364
-0.422626 0.119310
-0.422345 -0.008102
-0.421364 -0.638615
-0.416743 0.800593
-0.399335 -0.746887
-0.396858 0.744351
-0.380280 0.561555
-0.377322 0.434096
-0.375668 0.308804
-0.373562 0.182598
-0.373529 -0.326137
-0.373255 -0.451378
-0.372944 -0.199066
-0.372731 -0.071749
-0.372535 0.055563
-0.372397 -0.812304
-0.371931 -0.576327
-0.368519 0.687346
-0.359455 -0.691831
-0.335680 0.820897
-0.329019 0.618633
-0.328534 0.496166
-0.325936 0.371013
-0.324373 0.245661
-0.323065 -0.262589
-0.322958 -0.135391
-0.322938 -0.388893
-0.322898 0.119065
-0.322646 -0.008109
-0.321815 -0.514459
-0.314309 -0.634895
-0.305399 -0.761078
-0.301362 0.757866
-0.278343 0.678801
-0.278005 0.555020
-0.276347 -0.832750
-0.276254 0.432981
-0.274623 0.308270
-0.273457 0.182389
-0.272974 -0.198977
-0.272899 -0.071752
-0.272815 -0.325873
-0.272797 0.055473
-0.271937 -0.452214
-0.267478 -0.575900
-0.261263 -0.702383
-0.250335 0.837178
-0.227814 0.614227
-0.225499 0.493197
-0.224476 0.370607
-0.223722 0.245386
-0.223043 -0.135353
-0.223041 0.118951
-0.222897 -0.008132
-0.222870 -0.262508
-0.222247 -0.389446
-0.219715 0.725502
-0.219474 -0.515172
-0.215111 -0.642537
-0.214170 -0.775335
-0.197089 0.786278
-0.178962 -0.846998
-0.174520 0.553002
-0.173504 0.308147
-0.173384 0.432013
-0.173240 0.182222
-0.173082 -0.071730
-0.173032 -0.198962
-0.173006 0.055435
-0.172633 -0.326227
-0.171318 0.666829
-0.170956 -0.453112
-0.168131 -0.581191
-0.166759 -0.713233
-0.150071 0.850022
-0.123993 0.729730
-0.123209 -0.135353
-0.123132 -0.008119
-0.123129 0.245294
-0.123089 0.118886
-0.122999 -0.262718
-0.122435 0.370442
-0.122080 -0.390143
-0.121616 0.493010
-0.121472 -0.784975
-0.120312 -0.518587
-0.120101 0.609116
-0.119188 -0.650022
-0.095163 0.792458
-0.080424 -0.855104
-0.073329 -0.071725
-0.073294 -0.199093
-0.073183 0.055444
-0.073026 0.182202
-0.072888 -0.326661
-0.072494 -0.719778
-0.072383 0.308091
-0.071924 -0.455092
-0.071278 -0.585822
-0.070471 0.432564
-0.069675 0.669986
-0.067598 0.552116
-0.049845 0.856360
-0.027709 -0.789328
-0.026543 0.732846
-0.023864 -0.653662
-0.023530 -0.135434
-0.023409 -0.262997
-0.023404 -0.008090
-0.023135 0.118937
-0.023035 -0.391165
-0.022804 -0.521016
-0.022568 0.245356
-0.020876 0.370790
-0.016780 0.494080
-0.015214 0.613469
0.002392 0.795345
0.018495 -0.857035
0.021918 -0.721277
0.025061 -0.587154
0.026197 -0.456127
0.026255 -0.199293
0.026290 -0.327233
0.026298 -0.071732
0.026595 0.055521
0.027139 0.182350
0.028449 0.308479
0.031790 0.433331
0.033033 0.676415
0.036860 0.557474
0.050610 0.856336
0.066153 -0.788194
0.071542 -0.652864
0.074464 0.739203
0.074596 -0.520982
0.075680 -0.391709
0.075879 -0.263401
0.075965 -0.135513
0.076226 -0.008023
0.076735 0.119101
0.077750 0.245782
0.080258 0.371669
0.084679 0.497081
0.088753 0.623659
0.100661 0.798900
0.116439 -0.717735
0.116833 -0.852834
0.121870 -0.585159
0.124718 -0.456033
0.125342 -0.327747
0.125549 -0.199476
0.125777 -0.071709
0.126267 0.055683
0.127072 0.182711
0.128840 0.309409
0.132406 0.435712
0.136464 0.562739
0.137404 0.693496
0.155064 0.849538
0.159136 -0.781756
0.167653 -0.648221
0.173252 -0.519730
0.174802 -0.392173
0.174913 -0.263626
0.175278 -0.135552
0.175720 -0.007890
0.176424 0.119414
0.177589 0.246503
0.180084 0.768322
0.180242 0.373783
0.184128 0.501052
0.185519 0.630466
0.211381 -0.709911
0.213747 -0.842634
0.220831 -0.582338
0.224210 -0.327920
0.224445 -0.456499
0.224698 -0.199538
0.225090 -0.071601
0.225777 0.055924
0.226672 0.183277
0.228162 0.310871
0.230053 0.699547
0.231653 0.439344
0.234465 0.567470
0.244503 0.838108
0.250762 -0.770667
0.266817 -0.643396
0.270755 0.765386
0.273746 -0.392263
0.273827 -0.263674
0.274279 -0.520646
0.274435 -0.135427
0.275082 -0.007683
0.275848 0.119790
0.276736 0.247544
0.278663 0.376151
0.282139 0.633681
0.282860 0.506190
0.308913 -0.826550
0.309793 -0.702445
0.322982 -0.328036
0.323728 -0.199303
0.323748 -0.456499
0.323908 -0.584859
0.324289 -0.071386
0.325138 0.056205
0.325791 0.183847
0.326492 0.312533
0.326743 0.696352
0.329052 0.442402
0.333905 0.573974
0.338174 0.820344
0.344707 -0.759555
0.364738 0.754278
0.372438 -0.263292
0.372707 -0.392658
0.372794 -0.650096
0.373563 -0.135113
0.373973 -0.520423
0.374358 -0.007418
0.375039 0.120113
0.375096 0.248277
0.376069 0.378426
0.379518 0.509224
0.385192 0.641994
0.405609 -0.803673
0.418085 -0.718737
0.421111 -0.327565
0.422831 -0.198808
0.423020 -0.583891
0.423449 -0.070976
0.423476 -0.457522
0.423719 0.313287
0.424440 0.056407
0.424640 0.184067
0.425882 0.445169
0.430451 0.575604
0.434924 0.711733
0.435241 0.795262
0.468867 -0.646707
0.470549 -0.392067
0.470902 -0.262686
0.472077 0.378847
0.472700 -0.134470
0.473037 0.248227
0.473739 -0.006955
0.474194 0.119926
0.475164 -0.522681
0.476815 0.512544
0.480627 0.640356
0.487412 -0.778755
0.509329 -0.704941
0.517711 0.768128
0.518992 -0.327150
0.520473 0.312866
0.520728 0.444579
0.521300 -0.456355
0.522023 -0.197864
0.522616 -0.070036
0.523450 0.183070
0.524193 0.056464
0.525727 0.699803
0.525837 -0.588748
0.530133 0.580589
0.567960 0.377962
0.568628 -0.392151
0.568801 -0.261636
0.570259 0.509786
0.570441 0.246027
0.571762 -0.132907
0.572256 -0.746947
0.572751 -0.519328
0.573702 -0.006247
0.574035 0.119096
0.576269 -0.656073
0.586968 0.649147
0.606775 0.732094
0.615776 -0.326523
0.615970 0.309087
0.616461 0.443241
0.620162 -0.579181
0.621103 -0.195279
0.621307 -0.457125
0.621498 0.572663
0.622155 -0.068614
0.623272 0.180951
0.625095 0.056357
0.644188 -0.714632
0.661614 0.371731
0.663967 -0.632342
0.664832 -0.257792
0.665366 -0.392421
0.667539 0.508258
0.668539 0.242555
0.671477 -0.130714
0.673414 0.628402
0.674747 -0.005453
0.675250 0.117810
0.677761 -0.520616
0.681600 0.695648
0.707726 0.432790
0.709024 -0.321038
0.712610 0.304549
0.714552 -0.677564
0.720202 -0.458904
0.721734 -0.191712
0.722279 -0.067250
0.724902 0.178368
0.725617 0.571621
0.727725 0.056075
0.731065 -0.580224
0.754391 0.490629
0.755759 -0.383456
0.758571 0.366231
0.760733 -0.252796
0.761694 0.649252
0.767334 0.239127
0.772622 -0.129092
0.777034 -0.004729
0.778063 0.116318
0.780139 -0.637321
0.785119 -0.524276
0.803770 -0.315233
0.804414 0.541674
0.805781 -0.442562
0.806668 0.426343
0.810169 0.301626
0.822217 -0.066587
0.825888 -0.188907
0.828292 0.603632
0.828616 0.175322
0.832584 0.056035
0.843193 -0.592392
0.852225 -0.376741
0.856036 -0.249197
0.858114 0.364461
0.858181 0.482906
0.861645 -0.489971
0.864666 0.236070
0.875143 -0.129251
0.879853 -0.002999
0.882811 0.114026
0.898102 0.547100
0.900283 -0.314836
0.900779 -0.544719
0.906289 0.300844
0.909974 -0.428476
0.910402 0.425482
0.918792 -0.064416
0.934091 0.171816
0.935195 -0.189284
0.941890 0.054870
0.945304 -0.252970
0.956826 0.234689
0.957642 0.365595
0.957747 -0.368258
0.958281 0.488894
0.961146 -0.485849
0.974822 -0.127308
0.984073 -0.001181
0.988050 0.109026
0.999778 0.303257
1.003886 -0.305265
1.010830 -0.063973
1.011345 0.427319
1.013347 -0.424752
1.031565 -0.233151
1.038463 0.173694
1.042058 0.238685
1.046678 -0.170006
1.057261 0.362399
1.059111 -0.359471
1.059672 0.044829
1.079480 0.110060
1.079628 -0.103302
1.086058 -0.023434
1.095831 0.294122
1.098500 -0.288697
1.127491 0.220255
1.128402 -0.217723
1.147814 0.153469
1.149330 -0.147217
1.161959 0.076921
1.162866 -0.069128
1.166611 0.008401
